store_id,total_sales,year,month,day,weekday
5000,38079.00887116153,2022,01,01,5
5001,6552.607371958163,2022,01,01,5
5002,11175.8616936942,2022,01,01,5
5003,46733.27234977042,2022,01,01,5
5004,53317.4613287099,2022,01,01,5
5005,41675.07797728404,2022,01,01,5
5000,60064.5248334798,2022,01,02,6
5001,6486.343328110589,2022,01,02,6
5002,12461.882597423786,2022,01,02,6
5003,44188.194480445294,2022,01,02,6
5004,97203.64184827956,2022,01,02,6
5005,88766.8938068078,2022,01,02,6
5000,29697.83386513617,2022,01,03,0
5001,4987.865720303694,2022,01,03,0
5002,8760.64508794792,2022,01,03,0
5003,44663.917033944,2022,01,03,0
5004,50229.7991618107,2022,01,03,0
5005,44486.9597118849,2022,01,03,0
5000,32813.36270865256,2022,01,04,1
5001,3455.9890742382067,2022,01,04,1
5002,16960.287185952027,2022,01,04,1
5003,75349.37685411838,2022,01,04,1
5004,59282.38443428727,2022,01,04,1
5005,57040.72079380422,2022,01,04,1
5000,30925.002062552285,2022,01,05,2
5001,5437.714763267971,2022,01,05,2
5002,10450.426097899577,2022,01,05,2
5003,45184.88519623866,2022,01,05,2
5004,54722.920502570996,2022,01,05,2
5005,39206.61644443016,2022,01,05,2
5000,31190.381452780886,2022,01,06,3
5001,5982.227496157535,2022,01,06,3
5002,12462.440338808357,2022,01,06,3
5003,73118.46012520192,2022,01,06,3
5004,60571.168408278856,2022,01,06,3
5005,51736.399206504095,2022,01,06,3
5000,35997.62494230913,2022,01,07,4
5001,6531.630834659229,2022,01,07,4
5002,15138.917237536649,2022,01,07,4
5003,47139.716986611835,2022,01,07,4
5004,100697.33517731969,2022,01,07,4
5005,38235.20759325705,2022,01,07,4
5000,33686.85730292582,2022,01,08,5
5001,5047.209634977628,2022,01,08,5
5002,6898.725502549757,2022,01,08,5
5003,47699.970402870065,2022,01,08,5
5004,64536.71394423271,2022,01,08,5
5005,51660.48745412892,2022,01,08,5
5000,56654.18946256796,2022,01,09,6
5001,5462.922809399211,2022,01,09,6
5002,10740.787784714961,2022,01,09,6
5003,40352.11024804313,2022,01,09,6
5004,85259.19743904503,2022,01,09,6
5005,49750.86476739221,2022,01,09,6
5000,34175.39013390506,2022,01,10,0
5001,3027.9256780452897,2022,01,10,0
5002,9681.072167204418,2022,01,10,0
5003,42934.3670178699,2022,01,10,0
5004,58065.5981149569,2022,01,10,0
5005,49835.41261457872,2022,01,10,0
5000,35551.9508218824,2022,01,11,1
5001,3448.9462376639312,2022,01,11,1
5002,6850.511139161725,2022,01,11,1
5003,73678.23008247903,2022,01,11,1
5004,58719.432516784815,2022,01,11,1
5005,50047.4036757256,2022,01,11,1
5000,31072.99036943116,2022,01,12,2
5001,5014.937949163673,2022,01,12,2
5002,8407.852755211143,2022,01,12,2
5003,40024.80616126123,2022,01,12,2
5004,62795.90187460175,2022,01,12,2
5005,51513.69376437919,2022,01,12,2
5000,28673.766098959604,2022,01,13,3
5001,4515.869317315826,2022,01,13,3
5002,8386.54989801011,2022,01,13,3
5003,68013.29164275955,2022,01,13,3
5004,54137.288057600585,2022,01,13,3
5005,44428.1579778325,2022,01,13,3
5000,36843.93411362929,2022,01,14,4
5001,5455.927992989857,2022,01,14,4
5002,15966.341669446214,2022,01,14,4
5003,42953.77416010388,2022,01,14,4
5004,77977.95447106079,2022,01,14,4
5005,44569.015312921714,2022,01,14,4
5000,36438.35182921593,2022,01,15,5
5001,3448.297348103306,2022,01,15,5
5002,9969.580484202985,2022,01,15,5
5003,42017.823701907975,2022,01,15,5
5004,58069.21703746054,2022,01,15,5
5005,45311.6888741937,2022,01,15,5
5000,59916.14693691514,2022,01,16,6
5001,5938.992221081887,2022,01,16,6
5002,11574.245260186188,2022,01,16,6
5003,42081.79775722027,2022,01,16,6
5004,95291.47775847404,2022,01,16,6
5005,69420.42061998082,2022,01,16,6
5000,37540.482859150135,2022,01,17,0
5001,8054.114784322451,2022,01,17,0
5002,8826.548235553806,2022,01,17,0
5003,40374.4110263306,2022,01,17,0
5004,60883.52586449323,2022,01,17,0
5005,51367.47895773287,2022,01,17,0
5000,34591.621375875184,2022,01,18,1
5001,5423.039639009373,2022,01,18,1
5002,11681.02875224756,2022,01,18,1
5003,75073.55844127818,2022,01,18,1
5004,58347.02669963448,2022,01,18,1
5005,41708.096970287195,2022,01,18,1
5000,37608.68199372828,2022,01,19,2
5001,2009.7811605761374,2022,01,19,2
5002,11226.582117160513,2022,01,19,2
5003,49629.794467883345,2022,01,19,2
5004,58911.716330002884,2022,01,19,2
5005,48884.66911257109,2022,01,19,2
5000,37118.60421338534,2022,01,20,3
5001,6940.783901397184,2022,01,20,3
5002,12348.570326828187,2022,01,20,3
5003,68416.37174780612,2022,01,20,3
5004,55394.616426493354,2022,01,20,3
5005,38331.75755396317,2022,01,20,3
5000,33852.37787436518,2022,01,21,4
5001,7573.075372339912,2022,01,21,4
5002,11235.133490531947,2022,01,21,4
5003,41849.3695708056,2022,01,21,4
5004,91294.9952125584,2022,01,21,4
5005,40893.49141496119,2022,01,21,4
5000,38885.36216220304,2022,01,22,5
5001,5950.436057004196,2022,01,22,5
5002,8021.998583460728,2022,01,22,5
5003,40432.94119722368,2022,01,22,5
5004,46986.75326308795,2022,01,22,5
5005,43633.47668153775,2022,01,22,5
5000,55647.74939212657,2022,01,23,6
5001,3551.769138057388,2022,01,23,6
5002,10907.136827661583,2022,01,23,6
5003,42021.46554358491,2022,01,23,6
5004,93824.18357342068,2022,01,23,6
5005,74929.8188418929,2022,01,23,6
5000,34225.339493104795,2022,01,24,0
5001,4481.393412206985,2022,01,24,0
5002,13578.416120618876,2022,01,24,0
5003,43941.14709951238,2022,01,24,0
5004,66801.09176114482,2022,01,24,0
5005,48975.09510909797,2022,01,24,0
5000,36411.33276463356,2022,01,25,1
5001,8948.532144243853,2022,01,25,1
5002,10794.817155387927,2022,01,25,1
5003,76409.24296659029,2022,01,25,1
5004,59132.09866042082,2022,01,25,1
5005,42736.46885686824,2022,01,25,1
5000,32475.75774507932,2022,01,26,2
5001,4994.540620033632,2022,01,26,2
5002,7921.186081642118,2022,01,26,2
5003,41988.7189878571,2022,01,26,2
5004,50259.35008940789,2022,01,26,2
5005,39961.22510224778,2022,01,26,2
5000,34890.356506796146,2022,01,27,3
5001,4008.6027928699555,2022,01,27,3
5002,10371.874028267783,2022,01,27,3
5003,66853.85558768817,2022,01,27,3
5004,61635.10790713264,2022,01,27,3
5005,45293.20622853686,2022,01,27,3
5000,38167.62609900079,2022,01,28,4
5001,4938.164408834506,2022,01,28,4
5002,12363.06890164086,2022,01,28,4
5003,45512.22209304945,2022,01,28,4
5004,113098.56656530485,2022,01,28,4
5005,40080.83174194456,2022,01,28,4
5000,37523.24391995389,2022,01,29,5
5001,5385.715261897266,2022,01,29,5
5002,10365.886498486701,2022,01,29,5
5003,38435.360147464846,2022,01,29,5
5004,58666.24575444493,2022,01,29,5
5005,40173.22538128986,2022,01,29,5
5000,40590.84062486839,2022,01,30,6
5001,4014.058750191709,2022,01,30,6
5002,9968.681955772256,2022,01,30,6
5003,46722.1682437155,2022,01,30,6
5004,99659.37942688286,2022,01,30,6
5005,76323.9196759809,2022,01,30,6
5000,32348.793651547694,2022,01,31,0
5001,3451.0166042865394,2022,01,31,0
5002,7677.479322724245,2022,01,31,0
5003,40754.558437502295,2022,01,31,0
5004,55369.42255967224,2022,01,31,0
5005,47231.64302018191,2022,01,31,0
5000,35722.05911861754,2022,02,01,1
5001,6947.101662278096,2022,02,01,1
5002,7547.795914007635,2022,02,01,1
5003,69568.1774961655,2022,02,01,1
5004,65684.17936255851,2022,02,01,1
5005,30090.658114036836,2022,02,01,1
5000,37778.987636369275,2022,02,02,2
5001,2922.8150434390755,2022,02,02,2
5002,11960.730448376013,2022,02,02,2
5003,37114.2258270953,2022,02,02,2
5004,56412.87074174511,2022,02,02,2
5005,45316.890687043895,2022,02,02,2
5000,33020.584153168296,2022,02,03,3
5001,5971.167459129438,2022,02,03,3
5002,7595.998689482906,2022,02,03,3
5003,69507.03582187991,2022,02,03,3
5004,53994.658897055386,2022,02,03,3
5005,43541.35377910005,2022,02,03,3
5000,34739.4429813906,2022,02,04,4
5001,5030.586282340828,2022,02,04,4
5002,10762.765978579371,2022,02,04,4
5003,44448.32309421704,2022,02,04,4
5004,97432.86038473072,2022,02,04,4
5005,46223.79383467891,2022,02,04,4
5000,34575.312505896814,2022,02,05,5
5001,5641.445698886203,2022,02,05,5
5002,7955.09589533164,2022,02,05,5
5003,42210.48589830025,2022,02,05,5
5004,56063.615247273694,2022,02,05,5
5005,43632.34429455254,2022,02,05,5
5000,72701.702451729,2022,02,06,6
5001,4490.644601961026,2022,02,06,6
5002,11245.074285262646,2022,02,06,6
5003,40060.23995418496,2022,02,06,6
5004,99496.06071000964,2022,02,06,6
5005,74642.40274660176,2022,02,06,6
5000,32880.45643682935,2022,02,07,0
5001,3591.0074886772845,2022,02,07,0
5002,12046.772649410092,2022,02,07,0
5003,41840.10268967221,2022,02,07,0
5004,60827.20766386758,2022,02,07,0
5005,40028.10385750982,2022,02,07,0
5000,38112.895315323105,2022,02,08,1
5001,4540.215832465439,2022,02,08,1
5002,10775.361390520264,2022,02,08,1
5003,61806.607050459286,2022,02,08,1
5004,59172.4267356067,2022,02,08,1
5005,48048.39695303308,2022,02,08,1
5000,31893.822339968465,2022,02,09,2
5001,3494.801210950184,2022,02,09,2
5002,7593.766391553807,2022,02,09,2
5003,44767.93976608888,2022,02,09,2
5004,57811.00372881809,2022,02,09,2
5005,41832.73724228928,2022,02,09,2
5000,36524.22769895791,2022,02,10,3
5001,3508.20301185149,2022,02,10,3
5002,13224.214538293656,2022,02,10,3
5003,77618.15462108706,2022,02,10,3
5004,53329.16054185785,2022,02,10,3
5005,44448.54268442531,2022,02,10,3
5000,34003.42079903051,2022,02,11,4
5001,3957.263234125643,2022,02,11,4
5002,9256.158077982198,2022,02,11,4
5003,38933.19585083287,2022,02,11,4
5004,78250.9669667672,2022,02,11,4
5005,48220.135613908154,2022,02,11,4
5000,36171.1481663977,2022,02,12,5
5001,4437.9012353478965,2022,02,12,5
5002,12396.629692357048,2022,02,12,5
5003,48687.51365193819,2022,02,12,5
5004,65247.45283129143,2022,02,12,5
5005,50600.53095738699,2022,02,12,5
5000,64220.615308043256,2022,02,13,6
5001,5048.771436888806,2022,02,13,6
5002,12744.501854519629,2022,02,13,6
5003,47090.16067338167,2022,02,13,6
5004,84953.37168164371,2022,02,13,6
5005,72118.75450214128,2022,02,13,6
5000,34238.48956534579,2022,02,14,0
5001,3373.0600134661217,2022,02,14,0
5002,11566.923925360721,2022,02,14,0
5003,44506.506268628116,2022,02,14,0
5004,52871.58663946764,2022,02,14,0
5005,35539.3053929902,2022,02,14,0
5000,38031.738558460675,2022,02,15,1
5001,4586.401037610171,2022,02,15,1
5002,10822.732233659442,2022,02,15,1
5003,69696.10211597348,2022,02,15,1
5004,61774.78697017361,2022,02,15,1
5005,38196.61596245338,2022,02,15,1
5000,38524.496333231895,2022,02,16,2
5001,7893.939041671452,2022,02,16,2
5002,8374.526718815196,2022,02,16,2
5003,44880.40756963545,2022,02,16,2
5004,59666.62171431355,2022,02,16,2
5005,38906.94288630425,2022,02,16,2
5000,35148.80077436611,2022,02,17,3
5001,4009.5537871965125,2022,02,17,3
5002,10818.94552680715,2022,02,17,3
5003,72091.25704602592,2022,02,17,3
5004,63176.91914176591,2022,02,17,3
5005,46192.723098853596,2022,02,17,3
5000,33549.09361824492,2022,02,18,4
5001,3027.174312170158,2022,02,18,4
5002,8742.346456288771,2022,02,18,4
5003,50931.734953222694,2022,02,18,4
5004,85956.45134104964,2022,02,18,4
5005,35611.50302780568,2022,02,18,4
5000,30061.610540568687,2022,02,19,5
5001,6467.2295088761575,2022,02,19,5
5002,13646.113509126071,2022,02,19,5
5003,45384.855059699286,2022,02,19,5
5004,56590.4417842611,2022,02,19,5
5005,42753.291989778794,2022,02,19,5
5000,56286.63053636377,2022,02,20,6
5001,3059.7590333969065,2022,02,20,6
5002,9560.042359102628,2022,02,20,6
5003,40228.887456189506,2022,02,20,6
5004,101027.93185630407,2022,02,20,6
5005,73872.126858616,2022,02,20,6
5000,39131.037856484014,2022,02,21,0
5001,2542.0397453611668,2022,02,21,0
5002,8087.741736652069,2022,02,21,0
5003,46326.025004780146,2022,02,21,0
5004,66416.80068822463,2022,02,21,0
5005,49836.44788905076,2022,02,21,0
5000,35788.532882663625,2022,02,22,1
5001,5107.101188916338,2022,02,22,1
5002,12076.34505359322,2022,02,22,1
5003,66764.45741647454,2022,02,22,1
5004,55966.72082629773,2022,02,22,1
5005,38263.93396462468,2022,02,22,1
5000,32877.26971680853,2022,02,23,2
5001,5586.948223210942,2022,02,23,2
5002,10927.325618601555,2022,02,23,2
5003,39981.66155191048,2022,02,23,2
5004,63425.31903507853,2022,02,23,2
5005,52636.51491436434,2022,02,23,2
5000,39683.8972939262,2022,02,24,3
5001,4569.410293846775,2022,02,24,3
5002,9107.960345649364,2022,02,24,3
5003,74660.07682184211,2022,02,24,3
5004,64018.5002984482,2022,02,24,3
5005,43659.24027523507,2022,02,24,3
5000,31532.227874207765,2022,02,25,4
5001,2977.5394267208103,2022,02,25,4
5002,9614.680529437195,2022,02,25,4
5003,39541.11964652204,2022,02,25,4
5004,88394.01305892541,2022,02,25,4
5005,42658.92229954116,2022,02,25,4
5000,35751.97185359227,2022,02,26,5
5001,4996.748385605282,2022,02,26,5
5002,11995.6796485542,2022,02,26,5
5003,42760.09029595734,2022,02,26,5
5004,56636.450138230124,2022,02,26,5
5005,56798.83518478894,2022,02,26,5
5000,50965.608935138596,2022,02,27,6
5001,3506.726290476413,2022,02,27,6
5002,9594.46642454569,2022,02,27,6
5003,40706.24358382341,2022,02,27,6
5004,80552.4346948747,2022,02,27,6
5005,61514.71970169182,2022,02,27,6
5000,29094.462659621106,2022,02,28,0
5001,3872.193251335466,2022,02,28,0
5002,8831.626122285717,2022,02,28,0
5003,44551.45023276593,2022,02,28,0
5004,66745.25677679421,2022,02,28,0
5005,47171.64147444539,2022,02,28,0
5000,38077.209600626345,2022,03,01,1
5001,6117.535929674976,2022,03,01,1
5002,8370.974542141652,2022,03,01,1
5003,66944.58989677973,2022,03,01,1
5004,63938.60799479948,2022,03,01,1
5005,44383.84826586916,2022,03,01,1
5000,32449.070893462504,2022,03,02,2
5001,5037.683782521417,2022,03,02,2
5002,10749.495294831493,2022,03,02,2
5003,39123.07905034431,2022,03,02,2
5004,56295.255926526006,2022,03,02,2
5005,52560.24055573472,2022,03,02,2
5000,34660.609490153394,2022,03,03,3
5001,5025.360157364236,2022,03,03,3
5002,8865.721162038704,2022,03,03,3
5003,83642.84586916392,2022,03,03,3
5004,63210.872197869605,2022,03,03,3
5005,54158.79045019759,2022,03,03,3
5000,36030.88725812348,2022,03,04,4
5001,5035.395227837096,2022,03,04,4
5002,7182.932799903573,2022,03,04,4
5003,44019.96032448213,2022,03,04,4
5004,93036.81880960219,2022,03,04,4
5005,41711.04623972528,2022,03,04,4
5000,33532.217936007444,2022,03,05,5
5001,3960.413663385429,2022,03,05,5
5002,11230.148927041393,2022,03,05,5
5003,41791.03617415979,2022,03,05,5
5004,54153.287572273286,2022,03,05,5
5005,50802.73363151696,2022,03,05,5
5000,51537.784701626195,2022,03,06,6
5001,4995.875908587627,2022,03,06,6
5002,9217.342942237003,2022,03,06,6
5003,40968.94755751976,2022,03,06,6
5004,84672.23535894937,2022,03,06,6
5005,80047.99060062614,2022,03,06,6
5000,34290.9149980425,2022,03,07,0
5001,4980.987528925363,2022,03,07,0
5002,11226.872851626238,2022,03,07,0
5003,42972.72888261895,2022,03,07,0
5004,61582.6253275254,2022,03,07,0
5005,39084.68284213881,2022,03,07,0
5000,32243.559843105784,2022,03,08,1
5001,6962.5843607900515,2022,03,08,1
5002,5996.699811417185,2022,03,08,1
5003,74715.57217787598,2022,03,08,1
5004,58871.526396785135,2022,03,08,1
5005,49064.87554679687,2022,03,08,1
5000,31239.799886694538,2022,03,09,2
5001,6447.165401092849,2022,03,09,2
5002,12865.204464712524,2022,03,09,2
5003,42586.509777801104,2022,03,09,2
5004,67077.02142896713,2022,03,09,2
5005,42665.12524150912,2022,03,09,2
5000,40961.16286024822,2022,03,10,3
5001,4961.663641845703,2022,03,10,3
5002,13640.670647983088,2022,03,10,3
5003,65304.37544412093,2022,03,10,3
5004,56733.39458260532,2022,03,10,3
5005,51463.542652775024,2022,03,10,3
5000,31450.651222926266,2022,03,11,4
5001,4545.577225603087,2022,03,11,4
5002,10823.204650776084,2022,03,11,4
5003,45213.710953065696,2022,03,11,4
5004,108415.37989592465,2022,03,11,4
5005,36554.01734489477,2022,03,11,4
5000,38024.07061271769,2022,03,12,5
5001,6416.407866552621,2022,03,12,5
5002,9178.040206742025,2022,03,12,5
5003,41612.30586365446,2022,03,12,5
5004,57076.46687058648,2022,03,12,5
5005,50769.294728073684,2022,03,12,5
5000,60697.57815918423,2022,03,13,6
5001,5102.855320699189,2022,03,13,6
5002,10502.305080826012,2022,03,13,6
5003,43045.29123623735,2022,03,13,6
5004,102804.4891549636,2022,03,13,6
5005,65013.231681810925,2022,03,13,6
5000,38152.248292658434,2022,03,14,0
5001,5458.249528790721,2022,03,14,0
5002,9990.339827742366,2022,03,14,0
5003,40917.267844806425,2022,03,14,0
5004,55401.05534881607,2022,03,14,0
5005,51746.86720817293,2022,03,14,0
5000,28468.148040039825,2022,03,15,1
5001,4983.826404141864,2022,03,15,1
5002,9591.895545103069,2022,03,15,1
5003,69875.55926736238,2022,03,15,1
5004,59106.241046797935,2022,03,15,1
5005,47966.53587242981,2022,03,15,1
5000,39551.72254324353,2022,03,16,2
5001,6464.935113129421,2022,03,16,2
5002,13194.961978918378,2022,03,16,2
5003,43674.98726579092,2022,03,16,2
5004,55942.28473488734,2022,03,16,2
5005,49784.53670565319,2022,03,16,2
5000,34462.8083496632,2022,03,17,3
5001,4933.037984189331,2022,03,17,3
5002,10790.23565913953,2022,03,17,3
5003,69748.71274734115,2022,03,17,3
5004,58071.988725994575,2022,03,17,3
5005,50043.20781116448,2022,03,17,3
5000,33516.851857221074,2022,03,18,4
5001,1962.9509370870087,2022,03,18,4
5002,10811.255542388451,2022,03,18,4
5003,47035.16734335616,2022,03,18,4
5004,91251.60840635006,2022,03,18,4
5005,46144.47485872922,2022,03,18,4
5000,38438.87624879335,2022,03,19,5
5001,2490.93159694913,2022,03,19,5
5002,10019.510080873904,2022,03,19,5
5003,47841.01624287061,2022,03,19,5
5004,60665.80351186442,2022,03,19,5
5005,45180.590938357534,2022,03,19,5
5000,55168.87131205326,2022,03,20,6
5001,7549.928814393008,2022,03,20,6
5002,11974.929297572371,2022,03,20,6
5003,44433.61374581378,2022,03,20,6
5004,93885.96846162395,2022,03,20,6
5005,86243.94313039875,2022,03,20,6
5000,41929.523427864275,2022,03,21,0
5001,4458.861348651685,2022,03,21,0
5002,13165.283136287073,2022,03,21,0
5003,45997.24640105532,2022,03,21,0
5004,50716.975232088946,2022,03,21,0
5005,50880.80450459069,2022,03,21,0
5000,37763.514509741966,2022,03,22,1
5001,4551.79297064095,2022,03,22,1
5002,9115.885831092592,2022,03,22,1
5003,65933.48632755193,2022,03,22,1
5004,61213.15303447452,2022,03,22,1
5005,41705.77347404762,2022,03,22,1
5000,33734.429814947434,2022,03,23,2
5001,7070.578719528697,2022,03,23,2
5002,10425.847339339985,2022,03,23,2
5003,43048.37539472308,2022,03,23,2
5004,59931.34711282068,2022,03,23,2
5005,38188.58114738185,2022,03,23,2
5000,36148.89156578455,2022,03,24,3
5001,6121.628441074578,2022,03,24,3
5002,12842.628352202675,2022,03,24,3
5003,76174.87959878202,2022,03,24,3
5004,63202.68574733241,2022,03,24,3
5005,41927.480942904134,2022,03,24,3
5000,34289.378866593695,2022,03,25,4
5001,4018.4144897552346,2022,03,25,4
5002,8447.516237688082,2022,03,25,4
5003,42259.01964022435,2022,03,25,4
5004,88738.32059036699,2022,03,25,4
5005,40209.83683761824,2022,03,25,4
5000,39686.144505198004,2022,03,26,5
5001,7000.000906383046,2022,03,26,5
5002,9191.490191807923,2022,03,26,5
5003,43619.656525859406,2022,03,26,5
5004,59223.03970027912,2022,03,26,5
5005,39203.90722905549,2022,03,26,5
5000,47974.58805490409,2022,03,27,6
5001,4410.783964271256,2022,03,27,6
5002,11709.93590712403,2022,03,27,6
5003,40775.54694839633,2022,03,27,6
5004,95956.31781800838,2022,03,27,6
5005,74596.17612498345,2022,03,27,6
5000,35882.873572634795,2022,03,28,0
5001,2057.2325080942674,2022,03,28,0
5002,10829.708637070544,2022,03,28,0
5003,47644.15909428538,2022,03,28,0
5004,60819.908912099454,2022,03,28,0
5005,40981.12835516285,2022,03,28,0
5000,35424.44752002813,2022,03,29,1
5001,5484.553871073638,2022,03,29,1
5002,12401.272035754857,2022,03,29,1
5003,72155.81117806495,2022,03,29,1
5004,58454.86118649571,2022,03,29,1
5005,41854.22753758422,2022,03,29,1
5000,39342.28492141807,2022,03,30,2
5001,6449.260290859931,2022,03,30,2
5002,8815.91178777613,2022,03,30,2
5003,43264.00799294264,2022,03,30,2
5004,53185.25813307001,2022,03,30,2
5005,34740.33117747617,2022,03,30,2
5000,37294.46395429115,2022,03,31,3
5001,7468.209579605465,2022,03,31,3
5002,13941.411798374016,2022,03,31,3
5003,71382.71201901078,2022,03,31,3
5004,54814.112419809215,2022,03,31,3
5005,42827.49019862276,2022,03,31,3
5000,32539.00647427239,2022,04,01,4
5001,4560.356161595223,2022,04,01,4
5002,13927.458154294733,2022,04,01,4
5003,46102.59060345345,2022,04,01,4
5004,129432.90455808293,2022,04,01,4
5005,46281.62973608476,2022,04,01,4
5000,36252.5482487531,2022,04,02,5
5001,4539.959171946384,2022,04,02,5
5002,10869.411436949533,2022,04,02,5
5003,37886.00888020271,2022,04,02,5
5004,85411.6208703224,2022,04,02,5
5005,48118.25706261655,2022,04,02,5
5000,50329.4397433815,2022,04,03,6
5001,4035.199109715364,2022,04,03,6
5002,18824.881582344748,2022,04,03,6
5003,44084.176638652585,2022,04,03,6
5004,138588.6503975938,2022,04,03,6
5005,83573.68169411275,2022,04,03,6
5000,30110.180932170606,2022,04,04,0
5001,5001.96514852391,2022,04,04,0
5002,12747.4582355866,2022,04,04,0
5003,41557.687625768696,2022,04,04,0
5004,85461.73062614015,2022,04,04,0
5005,33805.391386800715,2022,04,04,0
5000,33626.810906779225,2022,04,05,1
5001,5540.644249297628,2022,04,05,1
5002,20353.65180828555,2022,04,05,1
5003,67753.91489292239,2022,04,05,1
5004,82363.90222422428,2022,04,05,1
5005,59812.12913377717,2022,04,05,1
5000,36444.19096864781,2022,04,06,2
5001,5030.721070016126,2022,04,06,2
5002,11974.915841352007,2022,04,06,2
5003,42648.9927728024,2022,04,06,2
5004,80239.83259087233,2022,04,06,2
5005,45256.38512333425,2022,04,06,2
5000,28251.739640136107,2022,04,07,3
5001,3609.930794205985,2022,04,07,3
5002,11640.99025721793,2022,04,07,3
5003,71522.37231321925,2022,04,07,3
5004,77569.57680172658,2022,04,07,3
5005,58716.55825882335,2022,04,07,3
5000,37964.602596522134,2022,04,08,4
5001,4021.825389940313,2022,04,08,4
5002,12010.690242588742,2022,04,08,4
5003,42191.64702910126,2022,04,08,4
5004,132865.32635951618,2022,04,08,4
5005,63269.989055562386,2022,04,08,4
5000,30350.19260637718,2022,04,09,5
5001,4525.285569650166,2022,04,09,5
5002,17649.18055452302,2022,04,09,5
5003,44853.12367425295,2022,04,09,5
5004,100244.69288794651,2022,04,09,5
5005,43598.239503948214,2022,04,09,5
5000,72638.55993405078,2022,04,10,6
5001,5548.655394223209,2022,04,10,6
5002,15615.343662512378,2022,04,10,6
5003,47513.64011678228,2022,04,10,6
5004,133685.79562853303,2022,04,10,6
5005,71472.47747419076,2022,04,10,6
5000,31419.540502409993,2022,04,11,0
5001,6442.421536075068,2022,04,11,0
5002,12785.518050203593,2022,04,11,0
5003,42929.179113250466,2022,04,11,0
5004,81206.75310479637,2022,04,11,0
5005,46976.99389050021,2022,04,11,0
5000,35983.925175727105,2022,04,12,1
5001,5505.523277537289,2022,04,12,1
5002,12793.314876371218,2022,04,12,1
5003,72542.62031023466,2022,04,12,1
5004,84715.87395327154,2022,04,12,1
5005,37397.70989177801,2022,04,12,1
5000,29099.43246040303,2022,04,13,2
5001,3915.560885097559,2022,04,13,2
5002,16734.042745149367,2022,04,13,2
5003,42683.95626614042,2022,04,13,2
5004,73672.1132226806,2022,04,13,2
5005,42710.78669343831,2022,04,13,2
5000,39080.070956116244,2022,04,14,3
5001,1500.2829094230563,2022,04,14,3
5002,17439.91030301922,2022,04,14,3
5003,74253.4769219332,2022,04,14,3
5004,82227.61652213497,2022,04,14,3
5005,52458.847955008874,2022,04,14,3
5000,30674.59149856006,2022,04,15,4
5001,7935.852795345254,2022,04,15,4
5002,13150.922961152759,2022,04,15,4
5003,45308.41224681139,2022,04,15,4
5004,155069.57068289042,2022,04,15,4
5005,51838.00019235213,2022,04,15,4
5000,34365.25287752062,2022,04,16,5
5001,3026.6474561190453,2022,04,16,5
5002,18802.98433197249,2022,04,16,5
5003,43508.672054438975,2022,04,16,5
5004,102675.25322081769,2022,04,16,5
5005,48922.64155140574,2022,04,16,5
5000,56064.72323015083,2022,04,17,6
5001,3468.452045110059,2022,04,17,6
5002,11945.675864943834,2022,04,17,6
5003,45486.28245579548,2022,04,17,6
5004,148856.84003748058,2022,04,17,6
5005,85573.79667364748,2022,04,17,6
5000,35036.895589653825,2022,04,18,0
5001,4599.251834593189,2022,04,18,0
5002,13213.552790334523,2022,04,18,0
5003,39964.098567553854,2022,04,18,0
5004,83229.37436031803,2022,04,18,0
5005,49803.3978927727,2022,04,18,0
5000,37472.2947786769,2022,04,19,1
5001,6540.177797021091,2022,04,19,1
5002,18642.355579263294,2022,04,19,1
5003,71825.7734622958,2022,04,19,1
5004,85436.69423921977,2022,04,19,1
5005,41762.60915358635,2022,04,19,1
5000,31781.820235179006,2022,04,20,2
5001,3527.5127070351473,2022,04,20,2
5002,11192.136177865905,2022,04,20,2
5003,41419.5400338387,2022,04,20,2
5004,88775.24999338551,2022,04,20,2
5005,40959.4486292028,2022,04,20,2
5000,37972.30554459269,2022,04,21,3
5001,5522.906430867559,2022,04,21,3
5002,13579.87969296522,2022,04,21,3
5003,60548.96128248396,2022,04,21,3
5004,93734.44831853425,2022,04,21,3
5005,49970.47897481785,2022,04,21,3
5000,39262.002259918336,2022,04,22,4
5001,5013.593667084593,2022,04,22,4
5002,16490.96238305257,2022,04,22,4
5003,47024.99083822592,2022,04,22,4
5004,147677.70937863467,2022,04,22,4
5005,43802.89477616396,2022,04,22,4
5000,34694.72955282334,2022,04,23,5
5001,5458.059902712854,2022,04,23,5
5002,18340.20215962134,2022,04,23,5
5003,39573.48369144217,2022,04,23,5
5004,102949.80230436954,2022,04,23,5
5005,39360.51447674311,2022,04,23,5
5000,61497.08544237945,2022,04,24,6
5001,6076.057691933735,2022,04,24,6
5002,15309.769182570835,2022,04,24,6
5003,45135.62957141656,2022,04,24,6
5004,138409.76041698875,2022,04,24,6
5005,70582.12613081746,2022,04,24,6
5000,38168.05086110609,2022,04,25,0
5001,2964.0755710072513,2022,04,25,0
5002,15088.704951332136,2022,04,25,0
5003,42138.83450507621,2022,04,25,0
5004,93164.84797023138,2022,04,25,0
5005,47977.64127640223,2022,04,25,0
5000,30758.386462020877,2022,04,26,1
5001,5412.23137519526,2022,04,26,1
5002,16011.57707225129,2022,04,26,1
5003,70556.21090172518,2022,04,26,1
5004,93475.48069956261,2022,04,26,1
5005,42657.52090469061,2022,04,26,1
5000,29137.256971545772,2022,04,27,2
5001,2948.2118967409097,2022,04,27,2
5002,12841.053798211264,2022,04,27,2
5003,48077.218441430996,2022,04,27,2
5004,84023.45878883923,2022,04,27,2
5005,50852.41779034459,2022,04,27,2
5000,39185.29788972879,2022,04,28,3
5001,4946.611742505861,2022,04,28,3
5002,16839.99243997665,2022,04,28,3
5003,72431.53971975003,2022,04,28,3
5004,80297.88368339487,2022,04,28,3
5005,40999.80526507453,2022,04,28,3
5000,33998.089424768834,2022,04,29,4
5001,3005.3654302286013,2022,04,29,4
5002,11657.240512458111,2022,04,29,4
5003,42563.00809855502,2022,04,29,4
5004,147224.34766941058,2022,04,29,4
5005,42822.7328775173,2022,04,29,4
5000,33515.40384069119,2022,04,30,5
5001,4548.981345965496,2022,04,30,5
5002,13903.337794322606,2022,04,30,5
5003,43176.546832390915,2022,04,30,5
5004,86759.38788597484,2022,04,30,5
5005,43443.09073297637,2022,04,30,5
5000,111094.92030907402,2022,05,01,6
5001,8024.622487359273,2022,05,01,6
5002,10509.979328058784,2022,05,01,6
5003,41635.098212565455,2022,05,01,6
5004,92632.2535088809,2022,05,01,6
5005,148634.6388659188,2022,05,01,6
5000,57894.83295656071,2022,05,02,0
5001,10107.017717967785,2022,05,02,0
5002,13307.400023644976,2022,05,02,0
5003,48450.67456307152,2022,05,02,0
5004,52564.54726342716,2022,05,02,0
5005,50529.88762980199,2022,05,02,0
5000,54287.60550497482,2022,05,03,1
5001,6521.722322897773,2022,05,03,1
5002,10436.932762049182,2022,05,03,1
5003,68930.53632801195,2022,05,03,1
5004,51112.570385825406,2022,05,03,1
5005,93530.59508928073,2022,05,03,1
5000,43300.85441662152,2022,05,04,2
5001,5505.824332093001,2022,05,04,2
5002,11226.964171312704,2022,05,04,2
5003,46407.23130887177,2022,05,04,2
5004,58356.85487775567,2022,05,04,2
5005,76574.40865465112,2022,05,04,2
5000,46110.952777605344,2022,05,05,3
5001,9043.123689008491,2022,05,05,3
5002,9570.659843338948,2022,05,05,3
5003,71708.8021565572,2022,05,05,3
5004,56668.85437258665,2022,05,05,3
5005,72214.12438821775,2022,05,05,3
5000,51461.53412981313,2022,05,06,4
5001,6487.613148523808,2022,05,06,4
5002,7576.665587695765,2022,05,06,4
5003,54642.62110971622,2022,05,06,4
5004,100011.78709676192,2022,05,06,4
5005,73706.44700901075,2022,05,06,4
5000,63286.436322690824,2022,05,07,5
5001,2529.4815809929282,2022,05,07,5
5002,8797.672916325975,2022,05,07,5
5003,42259.95338209207,2022,05,07,5
5004,60770.09110220732,2022,05,07,5
5005,61124.77117648582,2022,05,07,5
5000,105391.04302494258,2022,05,08,6
5001,6905.73899986411,2022,05,08,6
5002,13582.767983065223,2022,05,08,6
5003,48324.1929734081,2022,05,08,6
5004,104283.5205300522,2022,05,08,6
5005,119431.30293508306,2022,05,08,6
5000,58657.66023266635,2022,05,09,0
5001,8412.703056775976,2022,05,09,0
5002,10305.181036799271,2022,05,09,0
5003,45005.2822180986,2022,05,09,0
5004,53650.50926854215,2022,05,09,0
5005,55972.58885928942,2022,05,09,0
5000,47430.4145031876,2022,05,10,1
5001,7968.0916590376855,2022,05,10,1
5002,12764.93413482903,2022,05,10,1
5003,66978.06333634089,2022,05,10,1
5004,62195.826424293,2022,05,10,1
5005,78992.1467286311,2022,05,10,1
5000,51757.203439471465,2022,05,11,2
5001,8949.888396170536,2022,05,11,2
5002,14818.832853150985,2022,05,11,2
5003,42089.30328193035,2022,05,11,2
5004,65178.36084435904,2022,05,11,2
5005,48746.229437954884,2022,05,11,2
5000,38469.36064112683,2022,05,12,3
5001,3961.57851293345,2022,05,12,3
5002,10348.065316061397,2022,05,12,3
5003,69418.63342042945,2022,05,12,3
5004,55774.97523246205,2022,05,12,3
5005,58814.9573935743,2022,05,12,3
5000,55566.193398221265,2022,05,13,4
5001,2465.083389290112,2022,05,13,4
5002,8811.96377654679,2022,05,13,4
5003,47274.03067296387,2022,05,13,4
5004,97601.14345690618,2022,05,13,4
5005,57780.690090234406,2022,05,13,4
5000,57044.01689285565,2022,05,14,5
5001,6939.396869047225,2022,05,14,5
5002,10402.647101012062,2022,05,14,5
5003,44407.324710781795,2022,05,14,5
5004,61579.3460048525,2022,05,14,5
5005,65878.7106184001,2022,05,14,5
5000,77832.9971119328,2022,05,15,6
5001,10157.199510476312,2022,05,15,6
5002,11592.716541357353,2022,05,15,6
5003,35771.56680293377,2022,05,15,6
5004,93885.47373496897,2022,05,15,6
5005,89217.29963265194,2022,05,15,6
5000,54515.828979607606,2022,05,16,0
5001,9415.385294911113,2022,05,16,0
5002,9151.881597723002,2022,05,16,0
5003,44942.6670871846,2022,05,16,0
5004,65643.70642209666,2022,05,16,0
5005,63151.00796566615,2022,05,16,0
5000,44077.64009819768,2022,05,17,1
5001,5554.386632772284,2022,05,17,1
5002,11601.275628398693,2022,05,17,1
5003,74374.54461591285,2022,05,17,1
5004,51768.32608340473,2022,05,17,1
5005,59626.41195452036,2022,05,17,1
5000,48021.55315118204,2022,05,18,2
5001,4114.894148311353,2022,05,18,2
5002,11606.650300517758,2022,05,18,2
5003,49952.94472738955,2022,05,18,2
5004,72221.1012083723,2022,05,18,2
5005,60524.11371836608,2022,05,18,2
5000,52852.38560906409,2022,05,19,3
5001,4008.2485495694186,2022,05,19,3
5002,10686.834018924712,2022,05,19,3
5003,70809.62355616943,2022,05,19,3
5004,50986.147092074236,2022,05,19,3
5005,68772.22470825208,2022,05,19,3
5000,52890.63574861849,2022,05,20,4
5001,5097.230618439944,2022,05,20,4
5002,9584.092847218139,2022,05,20,4
5003,49320.30727076435,2022,05,20,4
5004,107997.60141629558,2022,05,20,4
5005,68251.07670276813,2022,05,20,4
5000,55196.385532669505,2022,05,21,5
5001,7149.574899652369,2022,05,21,5
5002,11134.243451400733,2022,05,21,5
5003,47484.64620621799,2022,05,21,5
5004,59786.184332793855,2022,05,21,5
5005,63892.406212482485,2022,05,21,5
5000,83789.49962915109,2022,05,22,6
5001,6442.059412054304,2022,05,22,6
5002,8010.096470422392,2022,05,22,6
5003,49572.16637134037,2022,05,22,6
5004,86199.59321178777,2022,05,22,6
5005,121895.80732614009,2022,05,22,6
5000,52701.54298838543,2022,05,23,0
5001,4982.3436043385145,2022,05,23,0
5002,8764.255069270617,2022,05,23,0
5003,43437.24275120588,2022,05,23,0
5004,60952.89002266783,2022,05,23,0
5005,50904.343240014845,2022,05,23,0
5000,46171.78065590167,2022,05,24,1
5001,9452.306322061975,2022,05,24,1
5002,7656.076448281592,2022,05,24,1
5003,73841.1397724893,2022,05,24,1
5004,58296.38899480847,2022,05,24,1
5005,60486.77475433212,2022,05,24,1
5000,49963.16298854471,2022,05,25,2
5001,6987.368531513656,2022,05,25,2
5002,8821.474804719837,2022,05,25,2
5003,44319.94756739566,2022,05,25,2
5004,61113.15473107053,2022,05,25,2
5005,47224.404155787284,2022,05,25,2
5000,55361.45595766382,2022,05,26,3
5001,5123.687859663196,2022,05,26,3
5002,12803.845927437349,2022,05,26,3
5003,78021.24525000389,2022,05,26,3
5004,66920.06090160395,2022,05,26,3
5005,55931.85221454028,2022,05,26,3
5000,41462.43306586567,2022,05,27,4
5001,8604.512320776781,2022,05,27,4
5002,6372.625061251552,2022,05,27,4
5003,42526.626252901864,2022,05,27,4
5004,86191.00760445482,2022,05,27,4
5005,71753.19170796403,2022,05,27,4
5000,58373.257641473036,2022,05,28,5
5001,5523.986064439758,2022,05,28,5
5002,10404.606859052206,2022,05,28,5
5003,46015.479415857175,2022,05,28,5
5004,63384.019388782035,2022,05,28,5
5005,69579.25039861591,2022,05,28,5
5000,95732.96496409907,2022,05,29,6
5001,7941.9133035903005,2022,05,29,6
5002,10440.354213732477,2022,05,29,6
5003,47851.974655788086,2022,05,29,6
5004,106348.95476550337,2022,05,29,6
5005,120832.0390745156,2022,05,29,6
5000,58942.83785162879,2022,05,30,0
5001,9448.494670328391,2022,05,30,0
5002,9959.35345012292,2022,05,30,0
5003,46813.959224612954,2022,05,30,0
5004,55683.27437497326,2022,05,30,0
5005,49064.69872159261,2022,05,30,0
5000,51837.53200949397,2022,05,31,1
5001,9894.849636068402,2022,05,31,1
5002,9489.990622803833,2022,05,31,1
5003,69853.50066467986,2022,05,31,1
5004,54950.60770149628,2022,05,31,1
5005,58727.17756847304,2022,05,31,1
5000,33247.81435096333,2022,06,01,2
5001,3495.9037739031673,2022,06,01,2
5002,8769.904422267486,2022,06,01,2
5003,44448.789614915564,2022,06,01,2
5004,57048.94700188424,2022,06,01,2
5005,45374.6248777135,2022,06,01,2
5000,33886.571404122275,2022,06,02,3
5001,5468.705468033943,2022,06,02,3
5002,10829.51570001829,2022,06,02,3
5003,75167.33815695177,2022,06,02,3
5004,64431.576475889946,2022,06,02,3
5005,49051.07338971321,2022,06,02,3
5000,33071.170066705585,2022,06,03,4
5001,5963.5154650730665,2022,06,03,4
5002,9876.21306751361,2022,06,03,4
5003,43061.435783720684,2022,06,03,4
5004,98266.88428086633,2022,06,03,4
5005,46326.34283433362,2022,06,03,4
5000,30201.17067085047,2022,06,04,5
5001,6002.327638512272,2022,06,04,5
5002,12838.477374850048,2022,06,04,5
5003,40213.31146653176,2022,06,04,5
5004,62113.90145291319,2022,06,04,5
5005,31128.40698646456,2022,06,04,5
5000,50348.07575192005,2022,06,05,6
5001,4010.4504729179434,2022,06,05,6
5002,13165.186064678222,2022,06,05,6
5003,43089.81984179982,2022,06,05,6
5004,91734.82635667619,2022,06,05,6
5005,67651.68090191558,2022,06,05,6
5000,29049.476292356976,2022,06,06,0
5001,4973.407097143672,2022,06,06,0
5002,12844.29909720813,2022,06,06,0
5003,51291.046629693876,2022,06,06,0
5004,66132.48094708764,2022,06,06,0
5005,46228.2775651484,2022,06,06,0
5000,35238.83571696564,2022,06,07,1
5001,3021.0036090150716,2022,06,07,1
5002,12854.600625725277,2022,06,07,1
5003,73773.77185976351,2022,06,07,1
5004,49581.45078265028,2022,06,07,1
5005,38144.52660547335,2022,06,07,1
5000,38125.60103207268,2022,06,08,2
5001,4962.128921968059,2022,06,08,2
5002,9223.452413378409,2022,06,08,2
5003,45813.66819013394,2022,06,08,2
5004,57185.21451271193,2022,06,08,2
5005,42772.79825154124,2022,06,08,2
5000,33592.43350583112,2022,06,09,3
5001,5469.249466074555,2022,06,09,3
5002,11469.741442706605,2022,06,09,3
5003,83236.92212000042,2022,06,09,3
5004,55930.64349483178,2022,06,09,3
5005,40950.55986738483,2022,06,09,3
5000,31301.99876749743,2022,06,10,4
5001,5964.221762237163,2022,06,10,4
5002,6817.518772300196,2022,06,10,4
5003,51582.59985062331,2022,06,10,4
5004,99551.1847954146,2022,06,10,4
5005,38187.83844494145,2022,06,10,4
5000,36097.163935830074,2022,06,11,5
5001,3465.764005290955,2022,06,11,5
5002,8831.00771332001,2022,06,11,5
5003,48654.23495102874,2022,06,11,5
5004,60559.66890176632,2022,06,11,5
5005,36270.86574783773,2022,06,11,5
5000,51157.627063316024,2022,06,12,6
5001,4951.0533656711295,2022,06,12,6
5002,12382.956369637977,2022,06,12,6
5003,44155.535678286054,2022,06,12,6
5004,107087.95694545557,2022,06,12,6
5005,88390.97471121946,2022,06,12,6
5000,39071.56507502704,2022,06,13,0
5001,4931.092243640467,2022,06,13,0
5002,10877.65484900849,2022,06,13,0
5003,47061.59982647892,2022,06,13,0
5004,64207.387688417286,2022,06,13,0
5005,40101.64943884507,2022,06,13,0
5000,29988.98585046373,2022,06,14,1
5001,6985.962216119698,2022,06,14,1
5002,14782.170528471444,2022,06,14,1
5003,74548.28787756315,2022,06,14,1
5004,56925.76864040033,2022,06,14,1
5005,31158.925952186033,2022,06,14,1
5000,43313.51804727094,2022,06,15,2
5001,4369.272111070195,2022,06,15,2
5002,6823.82824971222,2022,06,15,2
5003,42776.043445596195,2022,06,15,2
5004,52990.62860349259,2022,06,15,2
5005,41867.71067690574,2022,06,15,2
5000,36764.5685413238,2022,06,16,3
5001,5048.03321120413,2022,06,16,3
5002,11200.98257000895,2022,06,16,3
5003,78524.68217135209,2022,06,16,3
5004,57824.089859561376,2022,06,16,3
5005,40006.07546073799,2022,06,16,3
5000,38992.83400221936,2022,06,17,4
5001,2032.819748594572,2022,06,17,4
5002,6786.2578704465595,2022,06,17,4
5003,44103.98315046509,2022,06,17,4
5004,94485.3499142639,2022,06,17,4
5005,49957.86835257004,2022,06,17,4
5000,36459.8915858265,2022,06,18,5
5001,7059.650039156598,2022,06,18,5
5002,15182.349346823341,2022,06,18,5
5003,42734.7662530062,2022,06,18,5
5004,57883.70770186312,2022,06,18,5
5005,41915.36415385149,2022,06,18,5
5000,50869.707975895835,2022,06,19,6
5001,2426.7745466264237,2022,06,19,6
5002,10799.631204874784,2022,06,19,6
5003,40274.97377536293,2022,06,19,6
5004,94509.99884720221,2022,06,19,6
5005,63075.74969309673,2022,06,19,6
5000,37077.10116633485,2022,06,20,0
5001,5991.386035767544,2022,06,20,0
5002,9123.241219995452,2022,06,20,0
5003,48871.17457733581,2022,06,20,0
5004,66275.63436702051,2022,06,20,0
5005,42609.17324985546,2022,06,20,0
5000,36436.568521714646,2022,06,21,1
5001,4528.054842459346,2022,06,21,1
5002,10403.843154506603,2022,06,21,1
5003,89309.4247645178,2022,06,21,1
5004,54274.32683934522,2022,06,21,1
5005,45345.08433587467,2022,06,21,1
5000,31535.10143185646,2022,06,22,2
5001,3906.454113944282,2022,06,22,2
5002,10030.28140524954,2022,06,22,2
5003,45548.446022133714,2022,06,22,2
5004,55321.69450819828,2022,06,22,2
5005,47160.07252421125,2022,06,22,2
5000,30999.42937632776,2022,06,23,3
5001,6550.49438218266,2022,06,23,3
5002,12012.38885348722,2022,06,23,3
5003,76469.8328206555,2022,06,23,3
5004,47065.761473517625,2022,06,23,3
5005,45303.64041038932,2022,06,23,3
5000,33824.74569127868,2022,06,24,4
5001,5974.931827649481,2022,06,24,4
5002,11664.509831200976,2022,06,24,4
5003,38414.938713957694,2022,06,24,4
5004,97886.64641964075,2022,06,24,4
5005,45424.14146669419,2022,06,24,4
5000,43330.012260982585,2022,06,25,5
5001,3006.593819602299,2022,06,25,5
5002,9233.327178161233,2022,06,25,5
5003,44092.04618522844,2022,06,25,5
5004,55530.606107745705,2022,06,25,5
5005,50059.286034982775,2022,06,25,5
5000,65276.54238099592,2022,06,26,6
5001,3033.99166698749,2022,06,26,6
5002,7516.283423255398,2022,06,26,6
5003,39136.63736987621,2022,06,26,6
5004,107851.15637416339,2022,06,26,6
5005,84783.90343425705,2022,06,26,6
5000,31546.482642729905,2022,06,27,0
5001,7025.8290377122285,2022,06,27,0
5002,9173.305601131115,2022,06,27,0
5003,42828.26268309562,2022,06,27,0
5004,58830.819040413546,2022,06,27,0
5005,45425.501867259,2022,06,27,0
5000,34415.132169738485,2022,06,28,1
5001,3987.2791252482375,2022,06,28,1
5002,10353.782353397046,2022,06,28,1
5003,83061.16960464291,2022,06,28,1
5004,57495.21987121617,2022,06,28,1
5005,32004.559259817255,2022,06,28,1
5000,32049.186963258846,2022,06,29,2
5001,5472.457153414829,2022,06,29,2
5002,10807.696777967447,2022,06,29,2
5003,49244.56974717118,2022,06,29,2
5004,66427.77958540109,2022,06,29,2
5005,42893.626112793245,2022,06,29,2
5000,33330.77510535629,2022,06,30,3
5001,6080.070378553202,2022,06,30,3
5002,8469.892658265419,2022,06,30,3
5003,80501.5217720524,2022,06,30,3
5004,59927.048945660485,2022,06,30,3
5005,42542.209830484666,2022,06,30,3
5000,36468.91899591871,2022,07,01,4
5001,4517.539879211324,2022,07,01,4
5002,8803.082826659922,2022,07,01,4
5003,48535.74107439365,2022,07,01,4
5004,95633.49463213421,2022,07,01,4
5005,40152.78758556284,2022,07,01,4
5000,29451.502289497752,2022,07,02,5
5001,7439.980428460558,2022,07,02,5
5002,8821.575998130444,2022,07,02,5
5003,40966.01448735966,2022,07,02,5
5004,53353.32353513414,2022,07,02,5
5005,32914.670124489334,2022,07,02,5
5000,52166.648535751774,2022,07,03,6
5001,7076.9581471185575,2022,07,03,6
5002,6013.57548773582,2022,07,03,6
5003,44106.8462349404,2022,07,03,6
5004,87499.9660510348,2022,07,03,6
5005,80959.10438865129,2022,07,03,6
5000,30395.68929481335,2022,07,04,0
5001,6035.671817546401,2022,07,04,0
5002,11634.350162005545,2022,07,04,0
5003,41516.72350491452,2022,07,04,0
5004,57809.182067545364,2022,07,04,0
5005,51779.00142287638,2022,07,04,0
5000,35313.920396672926,2022,07,05,1
5001,5995.934355281308,2022,07,05,1
5002,12508.497738066117,2022,07,05,1
5003,71312.60567004124,2022,07,05,1
5004,51222.683019453034,2022,07,05,1
5005,48983.55815216699,2022,07,05,1
5000,31391.53124235709,2022,07,06,2
5001,3499.68602408797,2022,07,06,2
5002,12019.348939626723,2022,07,06,2
5003,41635.47457250854,2022,07,06,2
5004,52861.07535614781,2022,07,06,2
5005,54531.397959963404,2022,07,06,2
5000,27295.649081374628,2022,07,07,3
5001,3991.3649120324203,2022,07,07,3
5002,10357.093832897606,2022,07,07,3
5003,71618.84757180783,2022,07,07,3
5004,56584.231638042926,2022,07,07,3
5005,37318.88948050423,2022,07,07,3
5000,32191.02272871917,2022,07,08,4
5001,2508.153397011994,2022,07,08,4
5002,11515.253072169304,2022,07,08,4
5003,44196.360159102434,2022,07,08,4
5004,96024.29488098083,2022,07,08,4
5005,47082.89378257553,2022,07,08,4
5000,35838.66898935875,2022,07,09,5
5001,5457.794211411774,2022,07,09,5
5002,10405.028619278834,2022,07,09,5
5003,47150.1058054394,2022,07,09,5
5004,61949.43786794717,2022,07,09,5
5005,47172.822004120964,2022,07,09,5
5000,58881.9326633306,2022,07,10,6
5001,6508.514027443061,2022,07,10,6
5002,8818.161762011923,2022,07,10,6
5003,39074.5237687865,2022,07,10,6
5004,96826.179368458,2022,07,10,6
5005,80987.44594226466,2022,07,10,6
5000,34414.665902154244,2022,07,11,0
5001,4018.8106732979436,2022,07,11,0
5002,9236.815381679486,2022,07,11,0
5003,43757.08636170586,2022,07,11,0
5004,61710.661538752975,2022,07,11,0
5005,50919.718746721024,2022,07,11,0
5000,40014.652112949574,2022,07,12,1
5001,1984.0343673215516,2022,07,12,1
5002,10430.974037117558,2022,07,12,1
5003,72547.33471171188,2022,07,12,1
5004,51733.98490410629,2022,07,12,1
5005,44610.828385222216,2022,07,12,1
5000,38375.65866530629,2022,07,13,2
5001,3938.1209103828633,2022,07,13,2
5002,9614.114979805847,2022,07,13,2
5003,45395.06325425578,2022,07,13,2
5004,57720.85376459112,2022,07,13,2
5005,61284.47093236284,2022,07,13,2
5000,34734.02453750482,2022,07,14,3
5001,7475.73162303234,2022,07,14,3
5002,9246.790417627108,2022,07,14,3
5003,75133.08862795014,2022,07,14,3
5004,58804.543040023425,2022,07,14,3
5005,45521.24682811311,2022,07,14,3
5000,38457.29840112987,2022,07,15,4
5001,7575.058444424877,2022,07,15,4
5002,9630.28219244531,2022,07,15,4
5003,50042.60859848634,2022,07,15,4
5004,97610.42069260025,2022,07,15,4
5005,44405.601972530014,2022,07,15,4
5000,42356.007586178544,2022,07,16,5
5001,8471.706889921152,2022,07,16,5
5002,5631.937767230125,2022,07,16,5
5003,38124.060982885465,2022,07,16,5
5004,59840.58461643751,2022,07,16,5
5005,53340.57209585005,2022,07,16,5
5000,48111.647253303476,2022,07,17,6
5001,6504.204805809586,2022,07,17,6
5002,7681.266000088174,2022,07,17,6
5003,46001.45603872135,2022,07,17,6
5004,101097.34703431957,2022,07,17,6
5005,68471.3473153853,2022,07,17,6
5000,35584.49714920172,2022,07,18,0
5001,8020.816722068551,2022,07,18,0
5002,9175.300663342892,2022,07,18,0
5003,46286.247968800984,2022,07,18,0
5004,59594.61784468516,2022,07,18,0
5005,47144.72802439714,2022,07,18,0
5000,28679.152110994728,2022,07,19,1
5001,5123.8543289618865,2022,07,19,1
5002,8390.54703775793,2022,07,19,1
5003,74436.75941218068,2022,07,19,1
5004,56948.95267137455,2022,07,19,1
5005,45289.40975357985,2022,07,19,1
5000,30998.09124822516,2022,07,20,2
5001,4491.998785318538,2022,07,20,2
5002,8853.421127611966,2022,07,20,2
5003,41625.57860550358,2022,07,20,2
5004,55209.97703036581,2022,07,20,2
5005,44623.593483320234,2022,07,20,2
5000,38765.741802165765,2022,07,21,3
5001,2430.9475409278025,2022,07,21,3
5002,12339.521214084041,2022,07,21,3
5003,64499.51519614425,2022,07,21,3
5004,64312.519523412615,2022,07,21,3
5005,46201.87103785477,2022,07,21,3
5000,36076.30725952562,2022,07,22,4
5001,4524.950013241169,2022,07,22,4
5002,11573.585621320826,2022,07,22,4
5003,50371.61388375141,2022,07,22,4
5004,103314.31050995605,2022,07,22,4
5005,39128.2189372743,2022,07,22,4
5000,39271.14730517386,2022,07,23,5
5001,2477.7246594081766,2022,07,23,5
5002,8353.725857455205,2022,07,23,5
5003,39342.6654916253,2022,07,23,5
5004,48711.7695760384,2022,07,23,5
5005,45511.42147180698,2022,07,23,5
5000,59202.894620355764,2022,07,24,6
5001,8889.243831602133,2022,07,24,6
5002,8462.964881092033,2022,07,24,6
5003,42358.832875199165,2022,07,24,6
5004,97351.16754424597,2022,07,24,6
5005,68591.91255373551,2022,07,24,6
5000,33319.66208652352,2022,07,25,0
5001,3929.0777299251845,2022,07,25,0
5002,13675.986391090375,2022,07,25,0
5003,41717.07560348668,2022,07,25,0
5004,54133.62778025301,2022,07,25,0
5005,49118.76270991812,2022,07,25,0
5000,28928.497595908808,2022,07,26,1
5001,5020.661366730827,2022,07,26,1
5002,12741.030506199464,2022,07,26,1
5003,76246.1463958194,2022,07,26,1
5004,54446.85558792064,2022,07,26,1
5005,49780.65942392302,2022,07,26,1
5000,28651.217139437205,2022,07,27,2
5001,7021.788774353333,2022,07,27,2
5002,10379.39968210598,2022,07,27,2
5003,45470.90217841987,2022,07,27,2
5004,56162.95751560405,2022,07,27,2
5005,45382.73713993099,2022,07,27,2
5000,31484.074988098582,2022,07,28,3
5001,2934.7232458404233,2022,07,28,3
5002,8334.515784062467,2022,07,28,3
5003,70506.55711138886,2022,07,28,3
5004,65355.46894870647,2022,07,28,3
5005,42627.86761327873,2022,07,28,3
5000,28471.796488942688,2022,07,29,4
5001,3544.450211715044,2022,07,29,4
5002,10016.02540920191,2022,07,29,4
5003,48071.51198547294,2022,07,29,4
5004,93196.913502903,2022,07,29,4
5005,40022.24624856617,2022,07,29,4
5000,37293.26656840025,2022,07,30,5
5001,5044.88413809592,2022,07,30,5
5002,12406.063755262721,2022,07,30,5
5003,46328.12251123733,2022,07,30,5
5004,64921.98889816725,2022,07,30,5
5005,41835.18328796976,2022,07,30,5
5000,61552.608431456356,2022,07,31,6
5001,4972.895910002265,2022,07,31,6
5002,12359.586279171472,2022,07,31,6
5003,43691.5878063443,2022,07,31,6
5004,87470.02679472286,2022,07,31,6
5005,74778.5491029659,2022,07,31,6
5000,37829.00587887441,2022,08,01,0
5001,5489.919227261213,2022,08,01,0
5002,6868.222088869528,2022,08,01,0
5003,49089.917088699585,2022,08,01,0
5004,57811.07880955205,2022,08,01,0
5005,51728.1705228294,2022,08,01,0
5000,30148.80127402581,2022,08,02,1
5001,6509.3111463579235,2022,08,02,1
5002,8413.626484700084,2022,08,02,1
5003,72928.46220120722,2022,08,02,1
5004,54239.46690517716,2022,08,02,1
5005,48082.52977275852,2022,08,02,1
5000,29399.02781196299,2022,08,03,2
5001,4483.298671353181,2022,08,03,2
5002,6462.424197448238,2022,08,03,2
5003,45115.252106143045,2022,08,03,2
5004,51478.35896490699,2022,08,03,2
5005,35698.03467857118,2022,08,03,2
5000,32176.8007490515,2022,08,04,3
5001,5999.452314702712,2022,08,04,3
5002,11647.805575294491,2022,08,04,3
5003,73478.3643373309,2022,08,04,3
5004,59184.21494144257,2022,08,04,3
5005,42776.118555915506,2022,08,04,3
5000,36369.621899961516,2022,08,05,4
5001,7070.601602316157,2022,08,05,4
5002,11986.25331369673,2022,08,05,4
5003,38749.87917774608,2022,08,05,4
5004,100878.92641732647,2022,08,05,4
5005,43548.135799128526,2022,08,05,4
5000,35538.06556920522,2022,08,06,5
5001,6074.033906169544,2022,08,06,5
5002,7981.0918769830705,2022,08,06,5
5003,42598.759308739776,2022,08,06,5
5004,59552.48407727938,2022,08,06,5
5005,50006.953307610995,2022,08,06,5
5000,48669.59742657259,2022,08,07,6
5001,5389.742104437751,2022,08,07,6
5002,10825.63083354714,2022,08,07,6
5003,45929.469493700635,2022,08,07,6
5004,86928.04695805554,2022,08,07,6
5005,73821.39503652578,2022,08,07,6
5000,34785.734627436446,2022,08,08,0
5001,3066.90685712663,2022,08,08,0
5002,11628.298925821775,2022,08,08,0
5003,38993.62852044219,2022,08,08,0
5004,49598.81269587866,2022,08,08,0
5005,41800.03985834002,2022,08,08,0
5000,33845.235578770844,2022,08,09,1
5001,4934.468749948535,2022,08,09,1
5002,7189.03456406425,2022,08,09,1
5003,72376.70990426767,2022,08,09,1
5004,66676.22692443627,2022,08,09,1
5005,54473.33375553502,2022,08,09,1
5000,32655.397038221505,2022,08,10,2
5001,3471.0363666220387,2022,08,10,2
5002,7553.564030922493,2022,08,10,2
5003,46395.70874953943,2022,08,10,2
5004,61799.16163624704,2022,08,10,2
5005,32920.089348510315,2022,08,10,2
5000,35400.969512115356,2022,08,11,3
5001,8031.133764910382,2022,08,11,3
5002,11639.897209423776,2022,08,11,3
5003,74614.28361905826,2022,08,11,3
5004,63501.80079703161,2022,08,11,3
5005,42657.04651962104,2022,08,11,3
5000,29849.75693718059,2022,08,12,4
5001,4978.392093615936,2022,08,12,4
5002,8055.40553665207,2022,08,12,4
5003,45453.64085713024,2022,08,12,4
5004,84149.77784546958,2022,08,12,4
5005,50555.847253677704,2022,08,12,4
5000,32237.848259476857,2022,08,13,5
5001,7412.033563049979,2022,08,13,5
5002,8062.0789158237085,2022,08,13,5
5003,46215.62587453948,2022,08,13,5
5004,61617.241549485894,2022,08,13,5
5005,49813.569854486304,2022,08,13,5
5000,58455.265210128455,2022,08,14,6
5001,5551.3155494115945,2022,08,14,6
5002,10328.976802637773,2022,08,14,6
5003,46263.63613475742,2022,08,14,6
5004,89651.0105780111,2022,08,14,6
5005,69547.6927628551,2022,08,14,6
5000,38096.08008944289,2022,08,15,0
5001,5007.704116669612,2022,08,15,0
5002,11959.672397582,2022,08,15,0
5003,42751.40864765102,2022,08,15,0
5004,56642.93505033501,2022,08,15,0
5005,49745.40387733118,2022,08,15,0
5000,39586.26412552082,2022,08,16,1
5001,4554.859859150925,2022,08,16,1
5002,9605.67057292753,2022,08,16,1
5003,75643.64743761998,2022,08,16,1
5004,60572.09590468624,2022,08,16,1
5005,46228.01361483094,2022,08,16,1
5000,34287.745196880256,2022,08,17,2
5001,4492.125143628527,2022,08,17,2
5002,12359.377782726951,2022,08,17,2
5003,44352.090807393564,2022,08,17,2
5004,54406.01167532973,2022,08,17,2
5005,32953.88379089242,2022,08,17,2
5000,28977.37617803177,2022,08,18,3
5001,5486.171435213287,2022,08,18,3
5002,7543.181188295739,2022,08,18,3
5003,75461.1474432335,2022,08,18,3
5004,57142.1123408216,2022,08,18,3
5005,43726.86991111403,2022,08,18,3
5000,31501.377309226824,2022,08,19,4
5001,3464.7385374900923,2022,08,19,4
5002,9682.4438477639,2022,08,19,4
5003,39649.146100782375,2022,08,19,4
5004,105974.4186263981,2022,08,19,4
5005,28467.894404785617,2022,08,19,4
5000,38792.319861043914,2022,08,20,5
5001,3965.752863835895,2022,08,20,5
5002,7113.958545332352,2022,08,20,5
5003,43393.991360369626,2022,08,20,5
5004,50819.11271431978,2022,08,20,5
5005,51577.104904483305,2022,08,20,5
5000,69389.75259688999,2022,08,21,6
5001,4017.9319358861417,2022,08,21,6
5002,10393.37685763686,2022,08,21,6
5003,38854.90066254863,2022,08,21,6
5004,94170.3146461444,2022,08,21,6
5005,74965.069077754,2022,08,21,6
5000,32080.97895343274,2022,08,22,0
5001,6034.215114414431,2022,08,22,0
5002,10406.252446664324,2022,08,22,0
5003,42732.40980008211,2022,08,22,0
5004,75934.42570700249,2022,08,22,0
5005,41848.49377495924,2022,08,22,0
5000,35826.678702090125,2022,08,23,1
5001,4529.390814508181,2022,08,23,1
5002,11446.419965020037,2022,08,23,1
5003,72850.5533045982,2022,08,23,1
5004,66439.63330016058,2022,08,23,1
5005,43502.95179334283,2022,08,23,1
5000,33465.83601116307,2022,08,24,2
5001,8021.656135483658,2022,08,24,2
5002,5626.770276138308,2022,08,24,2
5003,43714.91811811977,2022,08,24,2
5004,55172.41789710105,2022,08,24,2
5005,42655.89023887055,2022,08,24,2
5000,39680.593239569236,2022,08,25,3
5001,6591.0392003923935,2022,08,25,3
5002,8400.983054654524,2022,08,25,3
5003,79228.89226666329,2022,08,25,3
5004,55182.271140268735,2022,08,25,3
5005,43602.31811511314,2022,08,25,3
5000,34276.788976662865,2022,08,26,4
5001,4990.813790032424,2022,08,26,4
5002,9174.482201733454,2022,08,26,4
5003,41860.82453413928,2022,08,26,4
5004,103654.94924572669,2022,08,26,4
5005,43593.96176341093,2022,08,26,4
5000,34258.21753119604,2022,08,27,5
5001,3464.0461360376235,2022,08,27,5
5002,7203.9194784519095,2022,08,27,5
5003,42760.87790704081,2022,08,27,5
5004,51947.95265012044,2022,08,27,5
5005,45580.82958509833,2022,08,27,5
5000,49285.02759762097,2022,08,28,6
5001,4518.452205792518,2022,08,28,6
5002,10018.960649253228,2022,08,28,6
5003,44260.30576239128,2022,08,28,6
5004,95500.86790027295,2022,08,28,6
5005,93355.32823219114,2022,08,28,6
5000,35676.82623308319,2022,08,29,0
5001,4951.797752346217,2022,08,29,0
5002,12771.114886242496,2022,08,29,0
5003,41706.78591653655,2022,08,29,0
5004,62255.79322975967,2022,08,29,0
5005,53495.27172006721,2022,08,29,0
5000,35011.24008490219,2022,08,30,1
5001,6997.801052919721,2022,08,30,1
5002,8474.423692796214,2022,08,30,1
5003,85544.06301997173,2022,08,30,1
5004,58891.57620816437,2022,08,30,1
5005,35597.630886375875,2022,08,30,1
5000,32985.27448355531,2022,08,31,2
5001,7017.82758452713,2022,08,31,2
5002,12381.33849230349,2022,08,31,2
5003,45599.26832086611,2022,08,31,2
5004,61599.05374035549,2022,08,31,2
5005,41825.57158337803,2022,08,31,2
5000,60977.07375446476,2023,01,01,6
5001,3975.182624290068,2023,01,01,6
5002,10767.342939854212,2023,01,01,6
5003,44559.618685525704,2023,01,01,6
5004,93925.73632176651,2023,01,01,6
5005,66955.49995056288,2023,01,01,6
5000,36373.44991910649,2023,01,02,0
5001,3023.1307294960316,2023,01,02,0
5002,13180.811346979219,2023,01,02,0
5003,48670.250700857265,2023,01,02,0
5004,52517.67665294652,2023,01,02,0
5005,49864.97077891904,2023,01,02,0
5000,29177.67913454695,2023,01,03,1
5001,4100.988647247591,2023,01,03,1
5002,8058.69111573701,2023,01,03,1
5003,63603.73246534674,2023,01,03,1
5004,56396.05313405425,2023,01,03,1
5005,46173.33445630842,2023,01,03,1
5000,31755.909137051854,2023,01,04,2
5001,4519.411470646689,2023,01,04,2
5002,10456.989814699538,2023,01,04,2
5003,50316.33458966026,2023,01,04,2
5004,58829.101447510715,2023,01,04,2
5005,42019.67114496981,2023,01,04,2
5000,32844.967382703646,2023,01,05,3
5001,4539.36143438933,2023,01,05,3
5002,9938.728426560687,2023,01,05,3
5003,61887.39325420878,2023,01,05,3
5004,55956.56700419674,2023,01,05,3
5005,50769.138104323276,2023,01,05,3
5000,32474.144665623568,2023,01,06,4
5001,3503.7783276785785,2023,01,06,4
5002,5954.769938477641,2023,01,06,4
5003,43468.31405781476,2023,01,06,4
5004,100884.10566862355,2023,01,06,4
5005,36570.90809987322,2023,01,06,4
5000,43431.94891673381,2023,01,07,5
5001,6988.826879467129,2023,01,07,5
5002,8302.564550520245,2023,01,07,5
5003,43637.5225787565,2023,01,07,5
5004,54649.2254529103,2023,01,07,5
5005,40924.51786881524,2023,01,07,5
5000,58126.869031688744,2023,01,08,6
5001,5542.10855170704,2023,01,08,6
5002,10421.519656559229,2023,01,08,6
5003,36040.655921986196,2023,01,08,6
5004,100814.8653039005,2023,01,08,6
5005,58702.00323467325,2023,01,08,6
5000,31519.326524931013,2023,01,09,0
5001,4490.955168068992,2023,01,09,0
5002,12095.739443862101,2023,01,09,0
5003,42570.00247205072,2023,01,09,0
5004,60974.367139374044,2023,01,09,0
5005,40894.54094332865,2023,01,09,0
5000,30076.37329320385,2023,01,10,1
5001,3973.0777828513487,2023,01,10,1
5002,7576.621168549715,2023,01,10,1
5003,73964.50815179881,2023,01,10,1
5004,71811.83255019557,2023,01,10,1
5005,51566.68211930387,2023,01,10,1
5000,27942.322151924807,2023,01,11,2
5001,7494.8326613461895,2023,01,11,2
5002,11204.142640550139,2023,01,11,2
5003,38467.76836113503,2023,01,11,2
5004,61224.920335965886,2023,01,11,2
5005,32916.795248797454,2023,01,11,2
5000,35942.77645210405,2023,01,12,3
5001,3495.0290369075256,2023,01,12,3
5002,8785.874944448524,2023,01,12,3
5003,73413.55687725832,2023,01,12,3
5004,55974.38477241926,2023,01,12,3
5005,40097.44245896783,2023,01,12,3
5000,32868.48844734452,2023,01,13,4
5001,2946.3745004284465,2023,01,13,4
5002,8766.158301052332,2023,01,13,4
5003,41002.76811424377,2023,01,13,4
5004,102647.00976711258,2023,01,13,4
5005,51692.32860143436,2023,01,13,4
5000,35360.035726979986,2023,01,14,5
5001,7078.0898325189455,2023,01,14,5
5002,12756.280301770257,2023,01,14,5
5003,46909.25807008877,2023,01,14,5
5004,53383.28295400609,2023,01,14,5
5005,47993.57933651322,2023,01,14,5
5000,63955.13413114617,2023,01,15,6
5001,4999.331213199889,2023,01,15,6
5002,8322.037061859875,2023,01,15,6
5003,42623.33303976406,2023,01,15,6
5004,115329.20927892003,2023,01,15,6
5005,75498.90043306327,2023,01,15,6
5000,32412.263947000592,2023,01,16,0
5001,3887.5193344821646,2023,01,16,0
5002,8457.475599551077,2023,01,16,0
5003,43522.29815292824,2023,01,16,0
5004,54068.490710875994,2023,01,16,0
5005,41888.13685628127,2023,01,16,0
5000,28759.14388789511,2023,01,17,1
5001,6546.147725340974,2023,01,17,1
5002,11629.415292998236,2023,01,17,1
5003,68592.19565053035,2023,01,17,1
5004,52514.9034474257,2023,01,17,1
5005,39969.593312064244,2023,01,17,1
5000,29345.794466958905,2023,01,18,2
5001,4488.958504566198,2023,01,18,2
5002,13281.34539105143,2023,01,18,2
5003,37437.423642806636,2023,01,18,2
5004,61200.223249601695,2023,01,18,2
5005,40143.21823095704,2023,01,18,2
5000,27353.333974263263,2023,01,19,3
5001,8103.071686153909,2023,01,19,3
5002,6355.992962876189,2023,01,19,3
5003,71093.04781270534,2023,01,19,3
5004,62250.505225746776,2023,01,19,3
5005,39091.365164372066,2023,01,19,3
5000,37358.23925078403,2023,01,20,4
5001,3421.407534296785,2023,01,20,4
5002,11202.622846485967,2023,01,20,4
5003,43170.857465257395,2023,01,20,4
5004,98380.6447508661,2023,01,20,4
5005,45312.451839070825,2023,01,20,4
5000,36488.879672060895,2023,01,21,5
5001,7118.917455348797,2023,01,21,5
5002,13244.785098898297,2023,01,21,5
5003,40195.342931349594,2023,01,21,5
5004,61716.6406643425,2023,01,21,5
5005,42700.51411911255,2023,01,21,5
5000,62620.88063857632,2023,01,22,6
5001,9530.701008918128,2023,01,22,6
5002,12829.084344663768,2023,01,22,6
5003,44505.19190432365,2023,01,22,6
5004,93204.3448010553,2023,01,22,6
5005,88545.35217017987,2023,01,22,6
5000,36056.08326515052,2023,01,23,0
5001,6926.786694421309,2023,01,23,0
5002,12838.995663634718,2023,01,23,0
5003,41146.39430565682,2023,01,23,0
5004,54213.0848334494,2023,01,23,0
5005,37426.439345915045,2023,01,23,0
5000,36643.6533409005,2023,01,24,1
5001,4512.988936095282,2023,01,24,1
5002,8793.496328665391,2023,01,24,1
5003,69886.3988276145,2023,01,24,1
5004,65839.73356933676,2023,01,24,1
5005,44517.92510712701,2023,01,24,1
5000,30055.811407860263,2023,01,25,2
5001,1478.961997019104,2023,01,25,2
5002,15576.787894836121,2023,01,25,2
5003,40979.75973073914,2023,01,25,2
5004,62229.50611380956,2023,01,25,2
5005,47259.111022874975,2023,01,25,2
5000,36080.84737787933,2023,01,26,3
5001,7546.869953980005,2023,01,26,3
5002,9999.430115525784,2023,01,26,3
5003,69657.23160729455,2023,01,26,3
5004,54385.42411404245,2023,01,26,3
5005,39325.129783132994,2023,01,26,3
5000,35097.532423275836,2023,01,27,4
5001,2945.9573121115764,2023,01,27,4
5002,7230.412928019442,2023,01,27,4
5003,44797.787107683434,2023,01,27,4
5004,95248.52516884333,2023,01,27,4
5005,37322.26787310525,2023,01,27,4
5000,38000.8109422447,2023,01,28,5
5001,6390.620173903599,2023,01,28,5
5002,9965.492748457711,2023,01,28,5
5003,43803.81718713027,2023,01,28,5
5004,54335.13748441089,2023,01,28,5
5005,40051.61162278741,2023,01,28,5
5000,61296.63987862655,2023,01,29,6
5001,4107.5573002175515,2023,01,29,6
5002,10454.787560386481,2023,01,29,6
5003,45034.12640370481,2023,01,29,6
5004,102338.46680045467,2023,01,29,6
5005,57715.602696157,2023,01,29,6
5000,30500.851823754256,2023,01,30,0
5001,3905.202942585649,2023,01,30,0
5002,8904.769057121137,2023,01,30,0
5003,43460.99629578877,2023,01,30,0
5004,54667.3663444213,2023,01,30,0
5005,58652.51565164236,2023,01,30,0
5000,35193.242874908494,2023,01,31,1
5001,4572.560209223217,2023,01,31,1
5002,9190.279527137958,2023,01,31,1
5003,71613.19125290209,2023,01,31,1
5004,51625.27908699588,2023,01,31,1
5005,44712.57960786226,2023,01,31,1
5000,30721.15962991598,2023,02,01,2
5001,4980.77093268159,2023,02,01,2
5002,9221.834967950703,2023,02,01,2
5003,43533.330743003215,2023,02,01,2
5004,62203.34736203992,2023,02,01,2
5005,54466.548244938385,2023,02,01,2
5000,39452.26459610443,2023,02,02,3
5001,5521.073381415873,2023,02,02,3
5002,9595.931534440479,2023,02,02,3
5003,69318.60436442035,2023,02,02,3
5004,60500.45761947131,2023,02,02,3
5005,46969.17716182321,2023,02,02,3
5000,31160.431443769423,2023,02,03,4
5001,4957.897681672254,2023,02,03,4
5002,9670.543156560214,2023,02,03,4
5003,46057.15539136197,2023,02,03,4
5004,89384.3123059308,2023,02,03,4
5005,43502.77346542134,2023,02,03,4
5000,33529.03221049587,2023,02,04,5
5001,5522.744184500863,2023,02,04,5
5002,10892.28645557072,2023,02,04,5
5003,45367.33499760695,2023,02,04,5
5004,62031.084015089116,2023,02,04,5
5005,42567.3744140294,2023,02,04,5
5000,64730.22178200226,2023,02,05,6
5001,6555.625836041866,2023,02,05,6
5002,7990.253099346991,2023,02,05,6
5003,39878.062077621486,2023,02,05,6
5004,88050.95030061675,2023,02,05,6
5005,64258.2821619978,2023,02,05,6
5000,35762.58122860375,2023,02,06,0
5001,1958.6577889114703,2023,02,06,0
5002,8812.096301621903,2023,02,06,0
5003,49297.50532161804,2023,02,06,0
5004,68433.92830004271,2023,02,06,0
5005,42917.00069379569,2023,02,06,0
5000,32507.759535925503,2023,02,07,1
5001,3923.9801370950763,2023,02,07,1
5002,11196.54910958514,2023,02,07,1
5003,73118.7615035596,2023,02,07,1
5004,53572.30367027547,2023,02,07,1
5005,46410.3691179579,2023,02,07,1
5000,38640.54545695816,2023,02,08,2
5001,5021.49640057414,2023,02,08,2
5002,14514.336871057198,2023,02,08,2
5003,41127.852103060606,2023,02,08,2
5004,63392.108242324946,2023,02,08,2
5005,38305.85362140157,2023,02,08,2
5000,27332.17293532143,2023,02,09,3
5001,3949.6458034426028,2023,02,09,3
5002,10068.089396775327,2023,02,09,3
5003,70466.65873390887,2023,02,09,3
5004,60133.60107850563,2023,02,09,3
5005,45222.40517135021,2023,02,09,3
5000,29387.295013789884,2023,02,10,4
5001,2941.8782532630917,2023,02,10,4
5002,10825.454732937185,2023,02,10,4
5003,45394.8063371197,2023,02,10,4
5004,97283.17834155072,2023,02,10,4
5005,47191.1605231114,2023,02,10,4
5000,36876.23918294064,2023,02,11,5
5001,3072.842781278752,2023,02,11,5
5002,8049.241446516084,2023,02,11,5
5003,42388.032036978795,2023,02,11,5
5004,56634.70203629233,2023,02,11,5
5005,46192.616987669586,2023,02,11,5
5000,59591.82956785128,2023,02,12,6
5001,5545.6057494431825,2023,02,12,6
5002,11627.312772736539,2023,02,12,6
5003,38568.733869798154,2023,02,12,6
5004,79928.04000297328,2023,02,12,6
5005,65917.51607585007,2023,02,12,6
5000,37181.449399238554,2023,02,13,0
5001,3830.4908240049563,2023,02,13,0
5002,9594.070132556395,2023,02,13,0
5003,47829.222290829144,2023,02,13,0
5004,56294.35592342962,2023,02,13,0
5005,26645.6625576651,2023,02,13,0
5000,37228.73824862708,2023,02,14,1
5001,4485.613369640499,2023,02,14,1
5002,6746.2665009731845,2023,02,14,1
5003,80185.71584243541,2023,02,14,1
5004,67652.01013298379,2023,02,14,1
5005,42662.17258067632,2023,02,14,1
5000,40027.284733861765,2023,02,15,2
5001,3464.5082320355473,2023,02,15,2
5002,8772.285729444877,2023,02,15,2
5003,47100.10854090539,2023,02,15,2
5004,61658.819564912366,2023,02,15,2
5005,39240.42888746241,2023,02,15,2
5000,32574.87319388571,2023,02,16,3
5001,4521.751256635855,2023,02,16,3
5002,10804.906091107678,2023,02,16,3
5003,74896.17922455908,2023,02,16,3
5004,68384.37793560747,2023,02,16,3
5005,39311.75467712165,2023,02,16,3
5000,39669.54607711142,2023,02,17,4
5001,5411.53179277732,2023,02,17,4
5002,11560.746400415619,2023,02,17,4
5003,41289.069167302536,2023,02,17,4
5004,93130.11035328616,2023,02,17,4
5005,49613.815797602976,2023,02,17,4
5000,32795.19295766116,2023,02,18,5
5001,3936.009253958373,2023,02,18,5
5002,5959.690297510059,2023,02,18,5
5003,43778.45742145036,2023,02,18,5
5004,59288.580183363825,2023,02,18,5
5005,46214.31967017346,2023,02,18,5
5000,62494.39656717322,2023,02,19,6
5001,2516.0992543947323,2023,02,19,6
5002,12681.660041727368,2023,02,19,6
5003,42125.392839450586,2023,02,19,6
5004,96686.85387350174,2023,02,19,6
5005,71278.40434087638,2023,02,19,6
5000,35421.55839756337,2023,02,20,0
5001,5034.110749385196,2023,02,20,0
5002,7234.272860690432,2023,02,20,0
5003,39155.95576726771,2023,02,20,0
5004,59181.55349663976,2023,02,20,0
5005,48025.78389942887,2023,02,20,0
5000,41222.29297783582,2023,02,21,1
5001,5543.658861816825,2023,02,21,1
5002,7962.27238097241,2023,02,21,1
5003,75343.97442165099,2023,02,21,1
5004,61320.50926187133,2023,02,21,1
5005,44449.120257211725,2023,02,21,1
5000,35566.54915637442,2023,02,22,2
5001,7951.90461820189,2023,02,22,2
5002,12036.537986966316,2023,02,22,2
5003,37096.82472319386,2023,02,22,2
5004,56040.90901399653,2023,02,22,2
5005,57064.936986149965,2023,02,22,2
5000,29139.30978788347,2023,02,23,3
5001,4608.758032838279,2023,02,23,3
5002,9993.487585521281,2023,02,23,3
5003,77821.4091089515,2023,02,23,3
5004,57560.22037857835,2023,02,23,3
5005,47922.31287732475,2023,02,23,3
5000,30171.694425651087,2023,02,24,4
5001,5997.424849251297,2023,02,24,4
5002,9975.952250723514,2023,02,24,4
5003,46152.398471586006,2023,02,24,4
5004,93935.98146613059,2023,02,24,4
5005,38249.49216949926,2023,02,24,4
5000,34024.795781402376,2023,02,25,5
5001,3544.830051411811,2023,02,25,5
5002,9606.5912929889,2023,02,25,5
5003,44778.97596078415,2023,02,25,5
5004,57953.790440117795,2023,02,25,5
5005,37286.67805482522,2023,02,25,5
5000,61469.938406643116,2023,02,26,6
5001,3476.00224346889,2023,02,26,6
5002,12470.701890068029,2023,02,26,6
5003,41474.34429287723,2023,02,26,6
5004,88724.00084810994,2023,02,26,6
5005,96774.92007402572,2023,02,26,6
5000,30683.304667845943,2023,02,27,0
5001,3962.90378670305,2023,02,27,0
5002,13245.880641919948,2023,02,27,0
5003,43972.19412005604,2023,02,27,0
5004,46883.01318175847,2023,02,27,0
5005,48045.82044428455,2023,02,27,0
5000,34633.258259179216,2023,02,28,1
5001,7015.091695035545,2023,02,28,1
5002,10026.136586005647,2023,02,28,1
5003,81142.48344843442,2023,02,28,1
5004,57944.61980237891,2023,02,28,1
5005,35623.51997685765,2023,02,28,1
5000,31078.689331768874,2023,03,01,2
5001,7481.958129408069,2023,03,01,2
5002,13300.85130685873,2023,03,01,2
5003,41195.01233089183,2023,03,01,2
5004,52265.14873931483,2023,03,01,2
5005,34686.505919194344,2023,03,01,2
5000,31221.077927599286,2023,03,02,3
5001,5951.087991732831,2023,03,02,3
5002,8799.871170283195,2023,03,02,3
5003,72033.76396275485,2023,03,02,3
5004,57901.47253360545,2023,03,02,3
5005,40911.195779435904,2023,03,02,3
5000,34184.58362446428,2023,03,03,4
5001,6641.8104135974745,2023,03,03,4
5002,8710.50635948926,2023,03,03,4
5003,42242.765040531325,2023,03,03,4
5004,88205.79415034056,2023,03,03,4
5005,43685.05884044952,2023,03,03,4
5000,31465.638838000734,2023,03,04,5
5001,3445.2010549481074,2023,03,04,5
5002,10768.964254117747,2023,03,04,5
5003,45799.83666695671,2023,03,04,5
5004,59953.995774151146,2023,03,04,5
5005,45345.84379871448,2023,03,04,5
5000,60006.08005445301,2023,03,05,6
5001,2990.527095413847,2023,03,05,6
5002,10015.738979290727,2023,03,05,6
5003,45301.84421825004,2023,03,05,6
5004,88513.55581920601,2023,03,05,6
5005,92475.1876424574,2023,03,05,6
5000,32560.339100889156,2023,03,06,0
5001,4489.62590748952,2023,03,06,0
5002,12013.751196088862,2023,03,06,0
5003,44641.38745386677,2023,03,06,0
5004,62432.70708331982,2023,03,06,0
5005,49034.59905804151,2023,03,06,0
5000,33811.113861390186,2023,03,07,1
5001,3503.1306402297528,2023,03,07,1
5002,14118.014465058588,2023,03,07,1
5003,69130.20837930501,2023,03,07,1
5004,56660.64008147976,2023,03,07,1
5005,41929.02012465896,2023,03,07,1
5000,33769.60667433875,2023,03,08,2
5001,4363.388928772754,2023,03,08,2
5002,13168.247247154362,2023,03,08,2
5003,42837.7354274687,2023,03,08,2
5004,57557.708036266136,2023,03,08,2
5005,47299.08512817001,2023,03,08,2
5000,40148.129608697214,2023,03,09,3
5001,7460.45729772968,2023,03,09,3
5002,10410.126875823913,2023,03,09,3
5003,78907.54205664241,2023,03,09,3
5004,50480.572923643806,2023,03,09,3
5005,38154.20502462436,2023,03,09,3
5000,29628.267345166823,2023,03,10,4
5001,4494.515252353225,2023,03,10,4
5002,10011.636587950945,2023,03,10,4
5003,42409.26485222645,2023,03,10,4
5004,100898.98354330435,2023,03,10,4
5005,45420.48302276218,2023,03,10,4
5000,34685.66742644813,2023,03,11,5
5001,5063.0489307415655,2023,03,11,5
5002,12852.162414372391,2023,03,11,5
5003,43190.53745693218,2023,03,11,5
5004,50367.85089582404,2023,03,11,5
5005,44493.32731044798,2023,03,11,5
5000,60156.52764344897,2023,03,12,6
5001,5455.6685440118,2023,03,12,6
5002,10424.524755684482,2023,03,12,6
5003,48681.812239986466,2023,03,12,6
5004,96283.8908878192,2023,03,12,6
5005,85542.83380148296,2023,03,12,6
5000,31089.710352763497,2023,03,13,0
5001,4950.871118198773,2023,03,13,0
5002,5979.954807724649,2023,03,13,0
5003,42117.22687765943,2023,03,13,0
5004,55995.71607638147,2023,03,13,0
5005,51532.61758649444,2023,03,13,0
5000,32191.518394482668,2023,03,14,1
5001,5955.751518070959,2023,03,14,1
5002,6005.846031249631,2023,03,14,1
5003,66019.1528717729,2023,03,14,1
5004,55344.886271062984,2023,03,14,1
5005,44505.66980516385,2023,03,14,1
5000,29380.755933510805,2023,03,15,2
5001,4012.1732224025864,2023,03,15,2
5002,8815.715380957798,2023,03,15,2
5003,44692.97990188039,2023,03,15,2
5004,47608.72082333315,2023,03,15,2
5005,33942.65077175887,2023,03,15,2
5000,35498.94783800693,2023,03,16,3
5001,3422.8800764992866,2023,03,16,3
5002,12352.4625048137,2023,03,16,3
5003,65094.26751057185,2023,03,16,3
5004,51171.99330209204,2023,03,16,3
5005,41868.15398026506,2023,03,16,3
5000,35732.509182703754,2023,03,17,4
5001,6041.145462988221,2023,03,17,4
5002,10775.002225271875,2023,03,17,4
5003,44148.41119568665,2023,03,17,4
5004,102884.13436284666,2023,03,17,4
5005,40109.81784805648,2023,03,17,4
5000,38692.223002208855,2023,03,18,5
5001,6078.857967573776,2023,03,18,5
5002,9933.411317783037,2023,03,18,5
5003,43106.17075487811,2023,03,18,5
5004,54721.754389463524,2023,03,18,5
5005,47191.90519585449,2023,03,18,5
5000,54899.582870950086,2023,03,19,6
5001,5029.287816880687,2023,03,19,6
5002,8859.797263255117,2023,03,19,6
5003,45066.47214804901,2023,03,19,6
5004,95879.32743505985,2023,03,19,6
5005,74870.88320748658,2023,03,19,6
5000,36749.80818352828,2023,03,20,0
5001,6415.518683036508,2023,03,20,0
5002,7104.898680503737,2023,03,20,0
5003,41596.82300785628,2023,03,20,0
5004,48786.75999441284,2023,03,20,0
5005,39871.28455406319,2023,03,20,0
5000,37646.687422144925,2023,03,21,1
5001,3526.47546672204,2023,03,21,1
5002,7684.382218937226,2023,03,21,1
5003,67815.08060506888,2023,03,21,1
5004,59049.42375910344,2023,03,21,1
5005,44421.848024473984,2023,03,21,1
5000,38180.731617175785,2023,03,22,2
5001,5427.965731049729,2023,03,22,2
5002,10319.370206759437,2023,03,22,2
5003,48278.49722162825,2023,03,22,2
5004,62683.599814914305,2023,03,22,2
5005,34898.791963926495,2023,03,22,2
5000,33475.831865474254,2023,03,23,3
5001,1011.0086073520977,2023,03,23,3
5002,8830.842899038835,2023,03,23,3
5003,75493.34846594388,2023,03,23,3
5004,54393.564335067254,2023,03,23,3
5005,45416.813247441496,2023,03,23,3
5000,33272.689685748395,2023,03,24,4
5001,3881.380510406663,2023,03,24,4
5002,11607.391931404067,2023,03,24,4
5003,41531.52298579871,2023,03,24,4
5004,95122.16594640627,2023,03,24,4
5005,46297.93633510752,2023,03,24,4
5000,32570.818600303675,2023,03,25,5
5001,5495.05544792289,2023,03,25,5
5002,8821.51674462732,2023,03,25,5
5003,44608.63589090005,2023,03,25,5
5004,56455.005341311844,2023,03,25,5
5005,56137.41602906276,2023,03,25,5
5000,51781.98395879009,2023,03,26,6
5001,2967.201085082114,2023,03,26,6
5002,10717.297640054652,2023,03,26,6
5003,37658.532493635255,2023,03,26,6
5004,96227.00021949293,2023,03,26,6
5005,64818.13512653789,2023,03,26,6
5000,41228.73409131225,2023,03,27,0
5001,2030.5956672825318,2023,03,27,0
5002,8386.53832772968,2023,03,27,0
5003,48718.3099902345,2023,03,27,0
5004,56660.32480626029,2023,03,27,0
5005,37300.785159951076,2023,03,27,0
5000,37845.08344048752,2023,03,28,1
5001,6055.650432303799,2023,03,28,1
5002,10854.121714917695,2023,03,28,1
5003,75848.55434534045,2023,03,28,1
5004,67752.37026191829,2023,03,28,1
5005,50747.709924218914,2023,03,28,1
5000,34270.531354584986,2023,03,29,2
5001,6364.749177571197,2023,03,29,2
5002,13212.891043830748,2023,03,29,2
5003,47102.611981137234,2023,03,29,2
5004,51396.00733975875,2023,03,29,2
5005,49858.33465911841,2023,03,29,2
5000,33931.156101795095,2023,03,30,3
5001,4540.04888186085,2023,03,30,3
5002,14739.740708727622,2023,03,30,3
5003,69248.91710566283,2023,03,30,3
5004,56848.498899069426,2023,03,30,3
5005,49843.30804191953,2023,03,30,3
5000,38878.466226493554,2023,03,31,4
5001,4938.81787110396,2023,03,31,4
5002,10816.307825329384,2023,03,31,4
5003,44573.88211902715,2023,03,31,4
5004,106405.25529818388,2023,03,31,4
5005,53429.17478659748,2023,03,31,4
5000,32034.997452257066,2023,04,01,5
5001,4447.188705292928,2023,04,01,5
5002,12803.17205285955,2023,04,01,5
5003,41918.19650661968,2023,04,01,5
5004,84548.0353435318,2023,04,01,5
5005,46356.26700973588,2023,04,01,5
5000,56312.89351256341,2023,04,02,6
5001,4949.355039211863,2023,04,02,6
5002,8786.918894929933,2023,04,02,6
5003,42677.18364006009,2023,04,02,6
5004,129150.22649945416,2023,04,02,6
5005,75532.57443358834,2023,04,02,6
5000,38333.3575878255,2023,04,03,0
5001,7453.614747645443,2023,04,03,0
5002,16873.871672438057,2023,04,03,0
5003,44908.67654806501,2023,04,03,0
5004,87235.87763724008,2023,04,03,0
5005,45380.32678676346,2023,04,03,0
5000,40545.99734538499,2023,04,04,1
5001,5558.694507888827,2023,04,04,1
5002,12766.3918713718,2023,04,04,1
5003,87397.55072225278,2023,04,04,1
5004,98736.43142187904,2023,04,04,1
5005,32162.888004015495,2023,04,04,1
5000,25981.663346980546,2023,04,05,2
5001,2985.475888884098,2023,04,05,2
5002,9180.690529201689,2023,04,05,2
5003,41304.76915293005,2023,04,05,2
5004,91003.8351064385,2023,04,05,2
5005,31997.984285352322,2023,04,05,2
5000,34326.559513293054,2023,04,06,3
5001,4988.413377715102,2023,04,06,3
5002,14753.782393146734,2023,04,06,3
5003,66709.80597487935,2023,04,06,3
5004,80316.82610268355,2023,04,06,3
5005,32175.971969330054,2023,04,06,3
5000,36108.25983200638,2023,04,07,4
5001,5415.974756671754,2023,04,07,4
5002,18376.97475638178,2023,04,07,4
5003,39058.91308490178,2023,04,07,4
5004,108885.73277085424,2023,04,07,4
5005,47263.878903308345,2023,04,07,4
5000,32774.50697261166,2023,04,08,5
5001,6061.800936056744,2023,04,08,5
5002,13281.674727261097,2023,04,08,5
5003,43941.1540265732,2023,04,08,5
5004,84572.52231972489,2023,04,08,5
5005,45395.59795074261,2023,04,08,5
5000,65816.48132414413,2023,04,09,6
5001,4932.391880249249,2023,04,09,6
5002,13114.13030756782,2023,04,09,6
5003,43901.04448520398,2023,04,09,6
5004,139218.27164390538,2023,04,09,6
5005,110454.54675074293,2023,04,09,6
5000,33596.91349851613,2023,04,10,0
5001,5054.482467839955,2023,04,10,0
5002,13944.823673137866,2023,04,10,0
5003,46223.31788362556,2023,04,10,0
5004,77063.50267434066,2023,04,10,0
5005,47122.73853173966,2023,04,10,0
5000,36087.96248453794,2023,04,11,1
5001,8987.482991722482,2023,04,11,1
5002,21988.95768607287,2023,04,11,1
5003,71855.49480746531,2023,04,11,1
5004,81933.47860179057,2023,04,11,1
5005,45584.591550099365,2023,04,11,1
5000,38844.94677261708,2023,04,12,2
5001,7494.667251922887,2023,04,12,2
5002,14821.594706077007,2023,04,12,2
5003,46463.145663504125,2023,04,12,2
5004,87502.95727421936,2023,04,12,2
5005,41777.96615365392,2023,04,12,2
5000,33588.5567070674,2023,04,13,3
5001,5515.5244377609215,2023,04,13,3
5002,10364.895471154648,2023,04,13,3
5003,75521.72907735509,2023,04,13,3
5004,89622.5921407375,2023,04,13,3
5005,42769.47169643342,2023,04,13,3
5000,37548.85759420468,2023,04,14,4
5001,8550.419528649485,2023,04,14,4
5002,14753.593037583554,2023,04,14,4
5003,48218.37741855425,2023,04,14,4
5004,142174.05771663194,2023,04,14,4
5005,33853.4416416665,2023,04,14,4
5000,31665.88909071905,2023,04,15,5
5001,3081.979544179613,2023,04,15,5
5002,13287.771272088024,2023,04,15,5
5003,48332.344910062406,2023,04,15,5
5004,85939.76806096462,2023,04,15,5
5005,37262.36463878129,2023,04,15,5
5000,49885.10119820957,2023,04,16,6
5001,6972.907003191574,2023,04,16,6
5002,22106.006460578858,2023,04,16,6
5003,43269.72206159092,2023,04,16,6
5004,141214.29710474864,2023,04,16,6
5005,76783.94206802978,2023,04,16,6
5000,29766.148924324287,2023,04,17,0
5001,8164.351969691503,2023,04,17,0
5002,13223.230005444337,2023,04,17,0
5003,42520.286157833696,2023,04,17,0
5004,86854.390431065,2023,04,17,0
5005,48751.50645909503,2023,04,17,0
5000,37501.41262125684,2023,04,18,1
5001,3583.883195296736,2023,04,18,1
5002,11284.078251891295,2023,04,18,1
5003,75374.66332616252,2023,04,18,1
5004,87898.5518702163,2023,04,18,1
5005,50603.53018354588,2023,04,18,1
5000,37715.41395179188,2023,04,19,2
5001,5573.931318635636,2023,04,19,2
5002,11664.962409834334,2023,04,19,2
5003,46550.53119140949,2023,04,19,2
5004,84872.82874942257,2023,04,19,2
5005,44601.017954035786,2023,04,19,2
5000,33345.29227128165,2023,04,20,3
5001,5063.4067160610275,2023,04,20,3
5002,9145.823066595136,2023,04,20,3
5003,70148.650523939,2023,04,20,3
5004,86488.19492554013,2023,04,20,3
5005,46126.03277260043,2023,04,20,3
5000,36683.47874606724,2023,04,21,4
5001,6504.060881822919,2023,04,21,4
5002,15145.37368892221,2023,04,21,4
5003,42234.16946655246,2023,04,21,4
5004,148586.62714092882,2023,04,21,4
5005,43734.21400813012,2023,04,21,4
5000,45431.6135511518,2023,04,22,5
5001,5478.60342626128,2023,04,22,5
5002,12678.205994741897,2023,04,22,5
5003,46547.768149185606,2023,04,22,5
5004,82885.60544974371,2023,04,22,5
5005,32992.32760235269,2023,04,22,5
5000,53348.381453165974,2023,04,23,6
5001,6529.163520989951,2023,04,23,6
5002,15994.38013427314,2023,04,23,6
5003,52035.053588133575,2023,04,23,6
5004,134532.20736972266,2023,04,23,6
5005,77358.4660545873,2023,04,23,6
5000,38529.22481116498,2023,04,24,0
5001,6978.989772966376,2023,04,24,0
5002,14733.28570549449,2023,04,24,0
5003,46572.16688475776,2023,04,24,0
5004,85406.42445322359,2023,04,24,0
5005,55392.078722067985,2023,04,24,0
5000,39860.778474936604,2023,04,25,1
5001,4070.968193349858,2023,04,25,1
5002,13901.795345408575,2023,04,25,1
5003,78245.55966940502,2023,04,25,1
5004,95786.39462148171,2023,04,25,1
5005,41116.533444402514,2023,04,25,1
5000,40891.65297063564,2023,04,26,2
5001,4588.217176295786,2023,04,26,2
5002,17659.046975580903,2023,04,26,2
5003,45584.012068375974,2023,04,26,2
5004,88685.37562283348,2023,04,26,2
5005,44575.50432608058,2023,04,26,2
5000,36983.65097490306,2023,04,27,3
5001,2964.7069117825213,2023,04,27,3
5002,15608.32994163045,2023,04,27,3
5003,65729.65886994285,2023,04,27,3
5004,83506.82513295501,2023,04,27,3
5005,45393.0622713639,2023,04,27,3
5000,30554.072596111124,2023,04,28,4
5001,5503.458027089388,2023,04,28,4
5002,15259.682453914098,2023,04,28,4
5003,42403.524275189324,2023,04,28,4
5004,140876.96746381366,2023,04,28,4
5005,34655.84317005047,2023,04,28,4
5000,36443.53830113352,2023,04,29,5
5001,6529.0631098195,2023,04,29,5
5002,16770.979808523578,2023,04,29,5
5003,44018.62049193547,2023,04,29,5
5004,87929.97563339394,2023,04,29,5
5005,56854.05725695065,2023,04,29,5
5000,56624.42661032251,2023,04,30,6
5001,6475.894155221059,2023,04,30,6
5002,14422.926581402295,2023,04,30,6
5003,44898.6429522487,2023,04,30,6
5004,138994.0409765308,2023,04,30,6
5005,81147.55031176207,2023,04,30,6
5000,44490.155387938416,2023,05,01,0
5001,8384.567743155456,2023,05,01,0
5002,8370.134832834989,2023,05,01,0
5003,42031.14182274052,2023,05,01,0
5004,59813.51454922182,2023,05,01,0
5005,51616.80846333004,2023,05,01,0
5000,50985.96028367758,2023,05,02,1
5001,6459.909023128308,2023,05,02,1
5002,11196.564049433788,2023,05,02,1
5003,77478.05672010986,2023,05,02,1
5004,66401.53869417055,2023,05,02,1
5005,58771.21344079917,2023,05,02,1
5000,53482.63137309209,2023,05,03,2
5001,6988.546761175353,2023,05,03,2
5002,10084.419238405684,2023,05,03,2
5003,46873.31477782807,2023,05,03,2
5004,61483.39602765805,2023,05,03,2
5005,59441.276567957095,2023,05,03,2
5000,47119.16658505617,2023,05,04,3
5001,7940.2647378024685,2023,05,04,3
5002,8017.246342069116,2023,05,04,3
5003,69688.66578935062,2023,05,04,3
5004,58384.127221513234,2023,05,04,3
5005,77602.97347504058,2023,05,04,3
5000,47910.584019530106,2023,05,05,4
5001,8342.811985454075,2023,05,05,4
5002,10849.9716839233,2023,05,05,4
5003,50990.81559817711,2023,05,05,4
5004,76016.8790190494,2023,05,05,4
5005,64249.08887289554,2023,05,05,4
5000,58780.13826342197,2023,05,06,5
5001,6427.68606354134,2023,05,06,5
5002,12012.147480161551,2023,05,06,5
5003,44374.18584034568,2023,05,06,5
5004,52647.36042483367,2023,05,06,5
5005,70172.5012570563,2023,05,06,5
5000,96680.15327134191,2023,05,07,6
5001,6969.130564686379,2023,05,07,6
5002,9190.506080055075,2023,05,07,6
5003,44372.70186056368,2023,05,07,6
5004,103887.32530480761,2023,05,07,6
5005,97821.84835203484,2023,05,07,6
5000,59886.05682412492,2023,05,08,0
5001,9953.34202090708,2023,05,08,0
5002,12779.610240769869,2023,05,08,0
5003,43317.7537239855,2023,05,08,0
5004,59329.088958951725,2023,05,08,0
5005,62189.38672929595,2023,05,08,0
5000,49409.5962011282,2023,05,09,1
5001,4030.737538386068,2023,05,09,1
5002,8798.254832699158,2023,05,09,1
5003,62018.228759142905,2023,05,09,1
5004,52371.13960629664,2023,05,09,1
5005,50079.634199777305,2023,05,09,1
5000,54331.6284367691,2023,05,10,2
5001,6560.490822525128,2023,05,10,2
5002,9650.476333973558,2023,05,10,2
5003,45851.84982095763,2023,05,10,2
5004,51295.4049107868,2023,05,10,2
5005,61454.479793757055,2023,05,10,2
5000,55547.14679503072,2023,05,11,3
5001,4966.222267786193,2023,05,11,3
5002,6816.614885852069,2023,05,11,3
5003,82092.45508731033,2023,05,11,3
5004,57574.03537951693,2023,05,11,3
5005,61292.69123786586,2023,05,11,3
5000,57236.78962973915,2023,05,12,4
5001,7982.182634312262,2023,05,12,4
5002,9200.9313117001,2023,05,12,4
5003,43215.59718614556,2023,05,12,4
5004,91211.80084838711,2023,05,12,4
5005,56985.43281385161,2023,05,12,4
5000,45589.68727176534,2023,05,13,5
5001,7129.922868389912,2023,05,13,5
5002,11208.255196367989,2023,05,13,5
5003,43949.38797357153,2023,05,13,5
5004,63671.855475079334,2023,05,13,5
5005,70412.26686160744,2023,05,13,5
5000,66747.29571698362,2023,05,14,6
5001,3465.391258673073,2023,05,14,6
5002,7632.535568906064,2023,05,14,6
5003,46207.77788696263,2023,05,14,6
5004,95628.37535135317,2023,05,14,6
5005,140825.47493527117,2023,05,14,6
5000,53594.180227320605,2023,05,15,0
5001,10035.8141955509,2023,05,15,0
5002,11649.969884201035,2023,05,15,0
5003,40672.77696135068,2023,05,15,0
5004,64291.719912085966,2023,05,15,0
5005,69412.73108864255,2023,05,15,0
5000,51572.89998576613,2023,05,16,1
5001,8066.662619199946,2023,05,16,1
5002,10049.251573284222,2023,05,16,1
5003,65855.9569929059,2023,05,16,1
5004,57975.347552736566,2023,05,16,1
5005,54397.77126592455,2023,05,16,1
5000,50019.8774551538,2023,05,17,2
5001,4924.632802034787,2023,05,17,2
5002,8332.287851708945,2023,05,17,2
5003,45047.56523804331,2023,05,17,2
5004,59952.45375203137,2023,05,17,2
5005,60429.15449039272,2023,05,17,2
5000,51596.33094439969,2023,05,18,3
5001,7938.824605651602,2023,05,18,3
5002,9555.523024577777,2023,05,18,3
5003,73180.53122678488,2023,05,18,3
5004,55445.811174793474,2023,05,18,3
5005,77322.72759603284,2023,05,18,3
5000,55820.64046790306,2023,05,19,4
5001,9412.612617363831,2023,05,19,4
5002,11263.49773732183,2023,05,19,4
5003,42868.79933091407,2023,05,19,4
5004,108772.0679893493,2023,05,19,4
5005,63209.66151251062,2023,05,19,4
5000,43358.418549054695,2023,05,20,5
5001,13352.574805615577,2023,05,20,5
5002,9621.425314896942,2023,05,20,5
5003,44029.27772213715,2023,05,20,5
5004,51354.76886411064,2023,05,20,5
5005,63001.03541133267,2023,05,20,5
5000,77356.80406144146,2023,05,21,6
5001,8567.939691392558,2023,05,21,6
5002,7666.889701362055,2023,05,21,6
5003,38033.95154246184,2023,05,21,6
5004,95774.52452791377,2023,05,21,6
5005,108628.00716831947,2023,05,21,6
5000,49399.335246376795,2023,05,22,0
5001,12054.890339142125,2023,05,22,0
5002,8406.98569926907,2023,05,22,0
5003,42750.783795526135,2023,05,22,0
5004,58726.648016682935,2023,05,22,0
5005,52747.93134864675,2023,05,22,0
5000,44808.93242963723,2023,05,23,1
5001,3951.1151926702687,2023,05,23,1
5002,14518.930136797137,2023,05,23,1
5003,79082.85279230666,2023,05,23,1
5004,58740.64246551647,2023,05,23,1
5005,56948.65620802785,2023,05,23,1
5000,42965.59396592239,2023,05,24,2
5001,5509.8188475418665,2023,05,24,2
5002,10351.494658177697,2023,05,24,2
5003,44145.38924496838,2023,05,24,2
5004,62580.78457858707,2023,05,24,2
5005,41038.026651651184,2023,05,24,2
5000,50217.46149784546,2023,05,25,3
5001,8001.673013239978,2023,05,25,3
5002,7994.469175737826,2023,05,25,3
5003,81695.79961727823,2023,05,25,3
5004,62588.19906121867,2023,05,25,3
5005,54240.077103670934,2023,05,25,3
5000,55781.389507405685,2023,05,26,4
5001,4912.6383082707425,2023,05,26,4
5002,11620.085378972777,2023,05,26,4
5003,38566.05498519282,2023,05,26,4
5004,96108.5268410873,2023,05,26,4
5005,73004.07049493007,2023,05,26,4
5000,49024.11541160358,2023,05,27,5
5001,8036.009451017051,2023,05,27,5
5002,8433.120626507307,2023,05,27,5
5003,45350.95037705051,2023,05,27,5
5004,59371.20867225516,2023,05,27,5
5005,69407.88490421369,2023,05,27,5
5000,79824.53810252334,2023,05,28,6
5001,5536.42103695483,2023,05,28,6
5002,13120.853217219443,2023,05,28,6
5003,40388.708491746715,2023,05,28,6
5004,85635.35483233507,2023,05,28,6
5005,91789.30452052335,2023,05,28,6
5000,45562.193894524964,2023,05,29,0
5001,5056.938733972217,2023,05,29,0
5002,10750.175519930219,2023,05,29,0
5003,46583.9864182835,2023,05,29,0
5004,57536.91425465917,2023,05,29,0
5005,65684.94486792984,2023,05,29,0
5000,63200.98894042847,2023,05,30,1
5001,9514.996501494876,2023,05,30,1
5002,12524.196710789805,2023,05,30,1
5003,71886.5965101934,2023,05,30,1
5004,62584.37558999838,2023,05,30,1
5005,69229.52419032234,2023,05,30,1
5000,48631.77202747481,2023,05,31,2
5001,4000.7730341605593,2023,05,31,2
5002,10037.032262353207,2023,05,31,2
5003,40062.65292159273,2023,05,31,2
5004,55359.789640459494,2023,05,31,2
5005,64031.16267635816,2023,05,31,2
5000,33954.79871710384,2023,06,01,3
5001,2489.050178287165,2023,06,01,3
5002,8020.369021995687,2023,06,01,3
5003,69550.99186581161,2023,06,01,3
5004,56546.42164223995,2023,06,01,3
5005,41879.58627498377,2023,06,01,3
5000,38178.02592930618,2023,06,02,4
5001,5534.442613941342,2023,06,02,4
5002,11131.169161401947,2023,06,02,4
5003,49248.18815462109,2023,06,02,4
5004,113815.76142540012,2023,06,02,4
5005,51626.88736136624,2023,06,02,4
5000,38881.52257425974,2023,06,03,5
5001,4940.850813240288,2023,06,03,5
5002,15987.762061453921,2023,06,03,5
5003,44775.01065987526,2023,06,03,5
5004,53031.65561487755,2023,06,03,5
5005,44653.5026690644,2023,06,03,5
5000,47017.12471812429,2023,06,04,6
5001,3507.6043850416445,2023,06,04,6
5002,9973.841140793818,2023,06,04,6
5003,46722.41471628452,2023,06,04,6
5004,94216.97676607248,2023,06,04,6
5005,72270.75099729172,2023,06,04,6
5000,32879.341695014125,2023,06,05,0
5001,5491.257110153715,2023,06,05,0
5002,11194.546354214812,2023,06,05,0
5003,40959.15449767974,2023,06,05,0
5004,62638.48474200074,2023,06,05,0
5005,33814.249875764806,2023,06,05,0
5000,35092.54399416971,2023,06,06,1
5001,4573.923227934317,2023,06,06,1
5002,7676.777062591223,2023,06,06,1
5003,75302.691047066,2023,06,06,1
5004,52313.0805719341,2023,06,06,1
5005,44391.09227894408,2023,06,06,1
5000,32980.26794228468,2023,06,07,2
5001,4049.3988557557986,2023,06,07,2
5002,9262.855801570096,2023,06,07,2
5003,40291.10896050366,2023,06,07,2
5004,60273.82685254233,2023,06,07,2
5005,49817.220042754794,2023,06,07,2
5000,37413.05294070466,2023,06,08,3
5001,6160.267993060609,2023,06,08,3
5002,9965.71061139488,2023,06,08,3
5003,74598.84027356099,2023,06,08,3
5004,62091.84326018931,2023,06,08,3
5005,51587.302914215295,2023,06,08,3
5000,31451.10650644181,2023,06,09,4
5001,5547.928416027067,2023,06,09,4
5002,12077.09320199767,2023,06,09,4
5003,42173.80921981321,2023,06,09,4
5004,83459.12438488757,2023,06,09,4
5005,48706.97479164019,2023,06,09,4
5000,33176.9500917622,2023,06,10,5
5001,4536.368212574912,2023,06,10,5
5002,15950.889465640279,2023,06,10,5
5003,38202.34976989025,2023,06,10,5
5004,65303.348355351285,2023,06,10,5
5005,42800.55039341564,2023,06,10,5
5000,62797.920198302825,2023,06,11,6
5001,4547.654233899108,2023,06,11,6
5002,10858.718607444322,2023,06,11,6
5003,43834.47829535186,2023,06,11,6
5004,92811.11700744234,2023,06,11,6
5005,89964.97019886805,2023,06,11,6
5000,39189.16493130752,2023,06,12,0
5001,3612.140518820372,2023,06,12,0
5002,12852.667518433673,2023,06,12,0
5003,43976.47922825295,2023,06,12,0
5004,55725.536325852525,2023,06,12,0
5005,30197.20296103157,2023,06,12,0
5000,33173.06084220035,2023,06,13,1
5001,8036.627507719921,2023,06,13,1
5002,10751.507312696709,2023,06,13,1
5003,80735.8040190584,2023,06,13,1
5004,56262.62055802956,2023,06,13,1
5005,50617.05799962869,2023,06,13,1
5000,33698.90120178938,2023,06,14,2
5001,4079.7282498715695,2023,06,14,2
5002,9993.356466014016,2023,06,14,2
5003,45897.80872746612,2023,06,14,2
5004,65637.3713407166,2023,06,14,2
5005,41131.35751059787,2023,06,14,2
5000,33129.798232474895,2023,06,15,3
5001,4545.531878275215,2023,06,15,3
5002,13974.262827100712,2023,06,15,3
5003,73781.00529554166,2023,06,15,3
5004,62005.94897044267,2023,06,15,3
5005,47285.6995254941,2023,06,15,3
5000,38875.73967770669,2023,06,16,4
5001,7483.204223312978,2023,06,16,4
5002,8345.356093419585,2023,06,16,4
5003,46245.52074493582,2023,06,16,4
5004,91098.8515415694,2023,06,16,4
5005,39138.525251308856,2023,06,16,4
5000,37957.4692020244,2023,06,17,5
5001,7899.560894679089,2023,06,17,5
5002,12008.534470628278,2023,06,17,5
5003,42688.74358444594,2023,06,17,5
5004,55755.75643911131,2023,06,17,5
5005,46312.04850246631,2023,06,17,5
5000,54297.51321852911,2023,06,18,6
5001,5527.9376762057545,2023,06,18,6
5002,8792.583997872793,2023,06,18,6
5003,43785.32100295949,2023,06,18,6
5004,97311.21361567553,2023,06,18,6
5005,84573.45511118416,2023,06,18,6
5000,34248.470227371,2023,06,19,0
5001,6449.138414543337,2023,06,19,0
5002,8819.684629376954,2023,06,19,0
5003,37905.38917550878,2023,06,19,0
5004,57697.98145733083,2023,06,19,0
5005,47941.35670189657,2023,06,19,0
5000,33223.98958441148,2023,06,20,1
5001,4469.569450385946,2023,06,20,1
5002,5617.216545381226,2023,06,20,1
5003,72023.08159325276,2023,06,20,1
5004,56994.94710026885,2023,06,20,1
5005,59743.197343262895,2023,06,20,1
5000,33701.65389956855,2023,06,21,2
5001,4365.591676655164,2023,06,21,2
5002,10027.424381819576,2023,06,21,2
5003,42614.49491759944,2023,06,21,2
5004,53098.08276334261,2023,06,21,2
5005,42641.642857093284,2023,06,21,2
5000,36667.25964891791,2023,06,22,3
5001,6452.22903182329,2023,06,22,3
5002,7946.29999456394,2023,06,22,3
5003,69470.06948600699,2023,06,22,3
5004,59922.75670346337,2023,06,22,3
5005,39301.89514892192,2023,06,22,3
5000,34575.01118789487,2023,06,23,4
5001,5573.93240157517,2023,06,23,4
5002,9684.915339641571,2023,06,23,4
5003,46062.63995894635,2023,06,23,4
5004,85510.8181333361,2023,06,23,4
5005,46304.26240481114,2023,06,23,4
5000,29040.60523709205,2023,06,24,5
5001,5959.191251072408,2023,06,24,5
5002,12770.588445131678,2023,06,24,5
5003,43786.655551464435,2023,06,24,5
5004,58573.00629237556,2023,06,24,5
5005,43729.558536207565,2023,06,24,5
5000,53479.16830967836,2023,06,25,6
5001,4485.357788334388,2023,06,25,6
5002,10797.200974669837,2023,06,25,6
5003,41991.583722247575,2023,06,25,6
5004,81476.93181105508,2023,06,25,6
5005,77631.38046599369,2023,06,25,6
5000,35969.47826707534,2023,06,26,0
5001,7076.786239914389,2023,06,26,0
5002,9168.58029722787,2023,06,26,0
5003,49820.70730598942,2023,06,26,0
5004,52502.03846369194,2023,06,26,0
5005,48154.31117590953,2023,06,26,0
5000,37896.656780432,2023,06,27,1
5001,5580.319492232771,2023,06,27,1
5002,11663.538435525474,2023,06,27,1
5003,66770.82988093508,2023,06,27,1
5004,59387.168921624536,2023,06,27,1
5005,46412.771304434966,2023,06,27,1
5000,38046.37187703077,2023,06,28,2
5001,4998.803578753024,2023,06,28,2
5002,11204.156072750067,2023,06,28,2
5003,38637.580412552124,2023,06,28,2
5004,62817.445306951835,2023,06,28,2
5005,58790.3073914514,2023,06,28,2
5000,34748.63748178058,2023,06,29,3
5001,5538.676194396754,2023,06,29,3
5002,12388.61854125741,2023,06,29,3
5003,64705.01097965904,2023,06,29,3
5004,58761.60106642044,2023,06,29,3
5005,43605.331668966115,2023,06,29,3
5000,38487.99227402663,2023,06,30,4
5001,5587.626058442878,2023,06,30,4
5002,10388.090379951513,2023,06,30,4
5003,39418.836281447875,2023,06,30,4
5004,85923.85712229005,2023,06,30,4
5005,44428.490339951364,2023,06,30,4
5000,36177.40778361293,2023,07,01,5
5001,2479.836042782364,2023,07,01,5
5002,10782.54128833751,2023,07,01,5
5003,45577.58167589543,2023,07,01,5
5004,51516.78409039443,2023,07,01,5
5005,48864.09861485917,2023,07,01,5
5000,58176.053118141295,2023,07,02,6
5001,4552.837773579032,2023,07,02,6
5002,13544.670293148,2023,07,02,6
5003,48576.44536064185,2023,07,02,6
5004,103653.19892855379,2023,07,02,6
5005,69211.20792913035,2023,07,02,6
5000,36088.0714901125,2023,07,03,0
5001,2978.3776493203236,2023,07,03,0
5002,10786.689760958005,2023,07,03,0
5003,42067.81419411845,2023,07,03,0
5004,59457.59298251909,2023,07,03,0
5005,54380.720949193375,2023,07,03,0
5000,37770.09746985912,2023,07,04,1
5001,6002.026606228107,2023,07,04,1
5002,11202.476320937898,2023,07,04,1
5003,67586.74508275626,2023,07,04,1
5004,52228.101774029805,2023,07,04,1
5005,37347.08920563933,2023,07,04,1
5000,33973.035796605196,2023,07,05,2
5001,3007.832486882534,2023,07,05,2
5002,8789.909443779265,2023,07,05,2
5003,46753.60201250264,2023,07,05,2
5004,54523.06366169748,2023,07,05,2
5005,37642.25603799932,2023,07,05,2
5000,32110.6479470951,2023,07,06,3
5001,6557.509852885111,2023,07,06,3
5002,10015.028844108805,2023,07,06,3
5003,71418.70501446116,2023,07,06,3
5004,65691.85382316262,2023,07,06,3
5005,46063.25475326888,2023,07,06,3
5000,29431.094707017673,2023,07,07,4
5001,4983.653543509601,2023,07,07,4
5002,8469.709767310165,2023,07,07,4
5003,40718.979480374896,2023,07,07,4
5004,113897.7040671628,2023,07,07,4
5005,42005.66573586758,2023,07,07,4
5000,29095.924543911962,2023,07,08,5
5001,4474.575788313253,2023,07,08,5
5002,11184.95385207503,2023,07,08,5
5003,51349.98563872805,2023,07,08,5
5004,61472.07903298508,2023,07,08,5
5005,40962.26465480762,2023,07,08,5
5000,62970.89498714887,2023,07,09,6
5001,3083.3528034998444,2023,07,09,6
5002,9986.298489860723,2023,07,09,6
5003,44122.213017527305,2023,07,09,6
5004,92014.38331230375,2023,07,09,6
5005,74625.91733994105,2023,07,09,6
5000,39160.387327114695,2023,07,10,0
5001,2500.756279945134,2023,07,10,0
5002,8791.094697936545,2023,07,10,0
5003,46749.23468792421,2023,07,10,0
5004,58861.020565078725,2023,07,10,0
5005,58786.224033575025,2023,07,10,0
5000,34642.1525377758,2023,07,11,1
5001,5063.105163899301,2023,07,11,1
5002,6754.388703523374,2023,07,11,1
5003,69332.84022380396,2023,07,11,1
5004,58842.016963987015,2023,07,11,1
5005,28484.228889517948,2023,07,11,1
5000,29341.59867860942,2023,07,12,2
5001,4998.954593716353,2023,07,12,2
5002,11264.205840387702,2023,07,12,2
5003,44442.70182254542,2023,07,12,2
5004,57671.05637219546,2023,07,12,2
5005,39093.606532080936,2023,07,12,2
5000,38890.62103851065,2023,07,13,3
5001,3513.7353873074026,2023,07,13,3
5002,8377.060544437665,2023,07,13,3
5003,71808.96266132027,2023,07,13,3
5004,63261.573397163134,2023,07,13,3
5005,46276.419433786694,2023,07,13,3
5000,28633.39974109564,2023,07,14,4
5001,5495.503350063918,2023,07,14,4
5002,13201.604101606888,2023,07,14,4
5003,45639.16387136357,2023,07,14,4
5004,96100.46206188237,2023,07,14,4
5005,38200.5155265871,2023,07,14,4
5000,41122.81604660397,2023,07,15,5
5001,5977.020354029436,2023,07,15,5
5002,9619.330379899882,2023,07,15,5
5003,42042.80661839077,2023,07,15,5
5004,55971.30581032659,2023,07,15,5
5005,48041.65915651715,2023,07,15,5
5000,58730.19589674917,2023,07,16,6
5001,5000.653062531688,2023,07,16,6
5002,9615.055564923618,2023,07,16,6
5003,48480.54471923559,2023,07,16,6
5004,93358.99039649511,2023,07,16,6
5005,61375.488158001164,2023,07,16,6
5000,39560.826857606415,2023,07,17,0
5001,3063.1441283321183,2023,07,17,0
5002,8340.279438206682,2023,07,17,0
5003,42907.49217458634,2023,07,17,0
5004,53572.50307154091,2023,07,17,0
5005,49848.28354868396,2023,07,17,0
5000,30701.286833726605,2023,07,18,1
5001,3003.497534974433,2023,07,18,1
5002,9724.836405522214,2023,07,18,1
5003,80254.52750862602,2023,07,18,1
5004,50728.23942403681,2023,07,18,1
5005,48024.27713654762,2023,07,18,1
5000,31697.704737788175,2023,07,19,2
5001,8043.454900010119,2023,07,19,2
5002,9290.951984537978,2023,07,19,2
5003,51793.473478614585,2023,07,19,2
5004,50396.579961476695,2023,07,19,2
5005,36571.13610422042,2023,07,19,2
5000,35764.332134581484,2023,07,20,3
5001,5445.95058826813,2023,07,20,3
5002,11225.56224590086,2023,07,20,3
5003,78020.95688878869,2023,07,20,3
5004,61846.8624116758,2023,07,20,3
5005,38383.17269863562,2023,07,20,3
5000,38840.93950912401,2023,07,21,4
5001,6084.218633051292,2023,07,21,4
5002,9140.238155766921,2023,07,21,4
5003,45655.631330950004,2023,07,21,4
5004,90647.43724100347,2023,07,21,4
5005,44665.301133592395,2023,07,21,4
5000,32451.323641653205,2023,07,22,5
5001,1519.0536626547828,2023,07,22,5
5002,12308.509591077,2023,07,22,5
5003,48778.36018359859,2023,07,22,5
5004,60399.660945128766,2023,07,22,5
5005,49913.383139766265,2023,07,22,5
5000,56323.545109315426,2023,07,23,6
5001,3516.142612622724,2023,07,23,6
5002,11632.746557964721,2023,07,23,6
5003,44071.80326350719,2023,07,23,6
5004,99274.21930424063,2023,07,23,6
5005,68526.59107864654,2023,07,23,6
5000,37131.94342198209,2023,07,24,0
5001,3036.9573918031,2023,07,24,0
5002,7590.225115172227,2023,07,24,0
5003,38739.541745527196,2023,07,24,0
5004,54166.54591474006,2023,07,24,0
5005,47292.83642800939,2023,07,24,0
5000,36319.425905777025,2023,07,25,1
5001,5887.5991653016345,2023,07,25,1
5002,9270.547225356222,2023,07,25,1
5003,80478.81098610857,2023,07,25,1
5004,55106.97475163319,2023,07,25,1
5005,40927.60673955888,2023,07,25,1
5000,37073.01992085369,2023,07,26,2
5001,5964.372709056927,2023,07,26,2
5002,8296.19138284581,2023,07,26,2
5003,43671.87278551529,2023,07,26,2
5004,59812.43547033133,2023,07,26,2
5005,50645.87919855004,2023,07,26,2
5000,39889.745187285596,2023,07,27,3
5001,4007.524247683461,2023,07,27,3
5002,9212.544145520951,2023,07,27,3
5003,72094.21938505505,2023,07,27,3
5004,62296.30436926489,2023,07,27,3
5005,47057.98570771872,2023,07,27,3
5000,33223.17083197924,2023,07,28,4
5001,7003.216938944937,2023,07,28,4
5002,10435.745589124948,2023,07,28,4
5003,44485.38895924777,2023,07,28,4
5004,85679.95801356762,2023,07,28,4
5005,40846.52096146648,2023,07,28,4
5000,32087.63043071535,2023,07,29,5
5001,5076.842493686138,2023,07,29,5
5002,13120.584712390319,2023,07,29,5
5003,43174.72371160736,2023,07,29,5
5004,60081.03854810046,2023,07,29,5
5005,46448.35451929478,2023,07,29,5
5000,54563.941879028265,2023,07,30,6
5001,3424.0065701720705,2023,07,30,6
5002,7972.884264095811,2023,07,30,6
5003,46668.03378022935,2023,07,30,6
5004,85747.85678035684,2023,07,30,6
5005,56994.37446050653,2023,07,30,6
5000,36587.66030616722,2023,07,31,0
5001,3535.4654274273453,2023,07,31,0
5002,7985.299891800537,2023,07,31,0
5003,42139.8108670364,2023,07,31,0
5004,59255.195690277775,2023,07,31,0
5005,36547.82044644508,2023,07,31,0
5000,33814.79857751577,2023,08,01,1
5001,4512.340739973768,2023,08,01,1
5002,8783.710053215875,2023,08,01,1
5003,67962.54601628623,2023,08,01,1
5004,58874.04878646504,2023,08,01,1
5005,45503.605687304494,2023,08,01,1
